337.52882027348494,7297.070558933896
9773.132100383502,7305.3052574472
2165.209059398031,9606.734768558654
6369.495653398567,1009.6980913893827
1976.3395273869887,7082.398649473587
1363.396296641246,9954.204008395045
1621.237271716447,8000.625152821463
3347.979349883153,8588.958236590048
2434.5597275579635,9584.390459904616
6911.607433369906,8345.556749683517
4715.1721145268675,1004.6637083243903
768.786001568974,2246.4626697495337
3493.483766029045,3310.2272014098967
6615.055636751077,8266.593745031161
8790.493615136842,9572.942559946288
8559.57963153027,3559.647090584851
5014.48363241228,8822.776001686994
4704.526241158316,3289.726173121692
7098.125531516147,5985.878313866683
671.6569294461106,610.6356386972367
4004.349751916576,1643.6732844317137
8494.720054358379,2188.4258629163824
2286.480877313839,7086.497076638984
3496.604027682748,6855.675063935848
9158.881577874437,2151.8552778088183
6463.008690444213,3816.3297986282964
229.38607268787047,3321.09569066389
5794.67774267429,8476.292129409116
8692.029296903911,9635.561044751756
228.3354991129971,7767.7865675321145
3918.03370738264,2155.7120032542575
7545.730158074584,2061.1651192650224
1391.9305807208782,6957.191668125159
5016.234239934024,1767.1967531252853
5863.067748852647,7173.764175576663
7097.073992799431,8449.111192529883
7802.876785179958,7919.032716357053
8667.10183163192,2579.4425148819587
2480.0186189324013,8190.985624045428
8325.644460309202,8839.42319638855
7787.101924336512,7506.47419969726
8797.263600233193,3297.490446216832
2364.744490943449,5080.657897689519
6702.520952863071,5512.076460493662
6133.757207799765,1547.37807649993
5769.797068507331,1976.5016693355763
8053.9493177354625,8954.802305201896
988.6200729937344,9935.306060660663
6819.309679459197,9331.587528825867
2323.1330514185,6159.627893605631
9614.207229406786,8183.934084878475
4909.209299532429,1727.8579707436713
4926.353282396014,5412.928099729439
485.0669559202858,8571.248647318784
6345.9635664128,8224.808459682583
3893.801962779412,2082.3825094448457
4131.543583173536,3183.8560651898074
8179.29639339362,4822.076871930418
7292.349979513234,7905.3806636607205
6661.411785153461,6906.177567013266
3625.2373704355123,302.1820335341996
337.79657050296396,9688.285083425439
7166.763009716992,1644.9770671117815
1182.1436567895116,4830.7662005690745
8467.1672800687,7659.603723868049
3379.5343519904063,8969.268107168482
5801.0790020851955,7723.98810451656
1077.777831194363,1558.4523262901496
4502.062524213905,269.89758125265496
1747.441820892639,1145.4364558583252
2203.1935751316423,5478.073117048292
7951.5885073009085,5525.876571758485
6336.1568122370045,63.739929763194645
7771.204851672415,7990.755634121259
6013.513758572194,1431.4594154561466
1914.9992311324627,4994.119367361511
9811.689587010462,3980.7836453308078
2607.1676173997803,1937.0561051775137
4268.870594480093,4984.952847655955
2560.295982323201,9808.272796821486
7596.483661687857,1096.84743204562
9253.666153422353,1786.4723494493228
5004.5841179395975,1502.0134812542474
9465.34366998523,4958.648385272164
1313.1938384985442,8898.59036728557
4104.228890461606,8911.194892075753
8929.526708102147,3699.6144164852453
9660.913714684184,4277.1604327384675
5575.582020018604,3519.7346236463113
1672.4967368424705,4578.243895307454
9327.681776779651,2605.2746550200377
4363.12317886203,3622.1439505635453
6437.277917285984,3576.0027886366297
7926.720200306936,531.5850524139687
9927.828347917277,3252.8986331800093
3353.5093960497898,4922.529091310533
2445.906834645034,5325.602582522924
3509.5534150247777,3868.657038661373
5221.900349355384,5856.460720448574
6369.013707922914,4908.502799040954
5453.032520076197,5782.9532715531595
8738.95186451929,1357.614097436709
4590.556809058443,6926.714071480225
8982.669286618151,1109.5674327013105
1383.3781367679176,5623.650928050319
7615.843496366023,3704.7421898839384
5530.9775657701775,7347.810299257331
8527.455176692865,4522.782439006499
5524.174829282028,4113.617060701055
4947.708513610371,4087.4983332897186
803.9361739368844,3323.2323086432457
9978.162152603798,6630.479311160411
5206.567899581524,6652.620054522764
7707.859663036042,8016.660759493468
1778.165665878535,4324.230216776883
1321.8358198473134,5530.805231027466
2544.0109728911984,4981.415440777848
8604.000549323033,1661.0073202723818
4817.3873067139775,79.07169633827426
8904.770676165337,6220.3992826905205
9400.54977156766,1549.7584424154466
7047.217924451597,2985.8542232368377
450.5681723301047,4756.894979476391
2273.5038494623595,1581.8241779709897
8382.680497100666,9887.228297306037
598.8072730911498,3377.6485724510785
8370.765416973269,7160.57050878577
263.08653794582915,1027.2271885655903
9262.954095967256,7376.311075548892
9929.694010863772,4828.133935889868
7739.871783763693,6961.709555822102
8892.96038777869,9075.57742409834
5000.379578513244,6816.683875623399
304.07610902717266,1109.1735280612625
8311.009202348705,6787.581364587052
1671.2757476661511,9803.253660010727
6761.09942644614,4767.361042414908
1123.752021635025,2341.0911630020846
5512.36791938541,3614.705288453631
8046.910896218362,4272.5806523415695
1701.9053535950113,8438.280780024363
4023.782908650296,2171.7382541452203
5584.500320851577,5483.693127259703
535.9337245913209,5166.090192237154
6891.076140562785,9935.38948648569
8538.38133501296,5129.245907332564
5325.575439614221,1194.9426176181398
5080.010060241422,2912.5667529721068
1184.2642124460679,25.88134735067471
2371.975241358434,1424.5552029323937
2110.658489006965,1356.8924070565713
4958.02904609058,4645.556646337097
3650.4058220822944,611.5692128763351
2250.320283949767,9152.925834685646
709.2039412616102,5478.31986947277
4269.163453311383,4713.590577694898
5243.16319795762,3289.728536858928
685.6602742891471,3535.212579821372
9088.495629508017,9755.571891356567
3346.4701211021843,2641.9135858763752
1512.4080611097113,8868.124180440991
5942.161388117205,2962.6129451860393
5374.959248072158,3358.333729520073
2607.9189249253386,405.1312228747883
1455.5779136789072,8036.843590590168
8541.382782689214,31.624206204918792
8769.421140947212,4555.3284467501235
1096.7664041992475,2170.3550998531286
764.5325334961072,7608.907676271067
1658.9312500505605,58.89232892426599
1081.8888100279278,2910.201614803566
2234.8478246622108,3422.4811687877623
6588.794549367417,3815.4407955085003
3685.4991396836413,8437.462982108573
6063.2507913400195,2667.179928316179
1472.0113410151082,4401.921781137273
3077.633770349354,1578.9053946019183
5256.865441169976,2305.924835423878
2848.6010044456457,1519.5958862186433
9217.598547677248,6955.93002391337
6608.4768684458095,9603.183882431662
6406.4204811043655,8216.580402224614
5985.536639076959,3214.3846434189436
9648.227187350658,555.4301121002147
5620.380416791641,7001.700577416561
6861.106120410577,5931.073114676987
7668.013666082213,4074.6554843212434
3863.2064112771236,6707.784336788557
8584.650584942656,4785.285362192529
1244.4718983536818,8813.9714739168
6196.951433204386,4446.983243281962
7800.502379360402,3323.42496653522
4626.2547027671135,2925.527430254725
5442.39653595814,502.6421174006901
3780.5761377408653,7717.665409168863
2707.3929465634615,4208.947395649076
5518.42111077508,9539.593306011757
8819.38034647272,3881.1640456298214
4128.275886341264,9067.800303712
5942.12207934429,8511.961806169753
1421.0536901056603,5534.405627165044
3421.6480553805195,3683.253863788918
5306.006413522726,8870.814259464198
8055.860120726083,6992.92141665995
2539.7896555596058,6552.6008027128255
8480.835930426792,2615.434141538373
9583.489049340438,7079.415250169234
4472.732007697062,7427.560485919339
4931.212613829347,2428.0569780151486
6109.22402002463,6835.691594805135
9875.176401557785,1032.3282833808157
2295.4874923786174,441.2554470204555
9528.747914978541,5320.904510859276
9739.4100328362,4574.012532654416
8916.048092515048,713.1085818407546
5924.619045344391,3239.5900790568644
5493.95821691966,9239.530384766826
905.6261754633776,3803.4390079218183
1263.0021214501242,5873.756032566464
3620.75263898495,6455.186101952472
762.1036245385659,281.8866056187963
4414.527423546524,4363.213156538869
5187.634056148578,1494.471392004949
4132.411391048685,1979.4256489977024
7128.253013040497,5708.819387186714
5119.110415412345,5582.565992206169
6226.512816480605,4141.504509777815
1867.6629417259805,8783.49562203846
7141.034819671912,4725.373737727112
2878.260125329697,8188.765493190597
8559.632141683393,1842.9632832069997
8032.003098266131,5834.70913423815
2591.879569288521,6430.330518607049
2134.0479014134626,8753.81146484782
8660.885245954647,7067.851641407533
5898.492445295721,9075.137561961516
6863.629418063366,9819.19623868157
6477.4581433259145,216.89968458640018
9309.471217042636,9520.42154089487
252.67797400644997,7568.027817552612
2780.05255403479,9807.124045397975
626.8546696789623,4587.660353115922
1234.4078884826238,7186.754809471023
3629.8723327827297,9551.43778768776
8058.5528483978405,6434.548023244547
917.8125751380628,149.24345440251008
2684.8716473848567,7255.078209218636
9380.515449751832,6458.190975269575
1132.7389654081476,1285.285888655595
1082.1331120488499,1188.4280994085693
5774.604449039872,4104.3243876632505
1152.2213712730756,7817.118492332776
7536.6917119822265,9265.549591243771
7904.846759606905,2057.892258467713
1148.805091045656,2675.3069795898077
1564.233398730316,6899.565653461658
9910.23149213961,3277.3958670811944
9622.181898440393,2041.8534821501921
191.44268426719015,1183.7137221660976
1288.1328513404333,4982.4785054746235
3505.0447126434583,600.2929819887847
6345.499030168933,1259.6925336432319
1062.2797124570993,3469.6379376124974
7804.478050885029,8038.791779319066
5989.87805992475,6991.630752411857
9761.333901440674,3445.6823121886505
5887.384467595949,212.11860539532057
1599.0830207127394,2615.099136978051
302.8832476313414,5589.421896565037
1563.124205029498,8662.730101049361
5352.038150717878,6547.678100069531
6060.928894868504,6981.109370524858
2913.102866389903,8116.477865529949
3972.5922541350433,6731.732226357579
3121.2510890294366,7974.10469648426
8562.161656570097,1640.5141072437857
339.41810620787936,7846.899346689275
4498.256152734391,6326.274888258205
8230.589351291199,7769.379379869072
9114.349039284101,7452.286925941005
1413.6521532096624,2299.9268433651064
217.3068590403282,2196.1923085709277
8691.027541249312,8515.455823555867
1525.5054443826689,736.0137096595754
9765.542628639012,9617.911988739535
2676.148562340078,7794.291085984637
3956.7955980964944,9324.516423612866
3399.1600591796687,4002.241064282196
5609.418513833519,7072.93861478014
4951.973843780296,2776.123366339798
2954.5612426858193,2140.6559985493845
7894.274625799049,1987.5388430321361
1461.5663734187513,1648.4518384810353
5513.564779870448,1811.1465119327308
5202.710216646867,5290.701409666369
5092.078321180079,6359.366131496903
9053.368110550331,578.3115857836951
4316.99215015307,5648.639639345879
1907.3022444956612,7231.575394012006
965.7110057153362,4800.740487793933
3197.475845458032,9274.279482067259
1188.1142068248153,3099.7926081909723
7042.838378527605,7330.488681545517
3387.97460170448,8964.67837434475
5160.814044097343,5413.522719126768
6134.600545751578,4502.920617889075
4637.900379980616,1778.8731604964603
822.7874050387607,9259.46533293205
193.2350390793236,7815.922013301515
6481.282745971551,9464.565150842627
6440.901339076125,8953.862675317872
6479.873021299448,9372.39732055563
2337.076714961177,8540.92436974252
1465.3045743481464,9680.216875017763
7115.402015987492,9111.045040913263
7610.244287761601,9120.554980348597
6359.335240912927,153.8097447839304
1883.7518824440392,3609.836320227753
9089.34834509625,5034.300244838185
2768.0954365536745,4691.874099323334
1062.5126867848955,6167.204310049632
8463.023200743217,9476.181933512225
628.5997074676808,2993.8232690292543
2202.686676490404,3486.8907150517402
2316.1019178152264,7230.574743550588
9036.798550884849,1302.1400507933279
7070.090956880486,1218.2643637938672
1569.6738933042209,5273.5183990682735
8886.287291124536,2660.91927098022
5326.1854191261145,5398.700266448463
7600.742906229486,4586.708709339205
5774.178076647249,3533.4549622788204
8627.41260645287,4965.454975221457
2693.384813804831,5691.459284695332
9905.605383601373,7982.277051985485
9676.201447656165,7412.533284529791
3318.6237112864737,8686.167475890754
3697.987227689312,4976.7381028383215
3085.2421996350486,8640.217134481138
1384.404397339042,9195.065554112562
975.3234295150803,5559.055879214427
4471.675933909944,6695.7390764259
4569.834331552864,6996.114433816787
2305.4560609298182,6697.909468773323
2927.7269755555844,934.8506736535923
9035.407138954535,9496.360325405638
7284.001025379909,7503.172950126054
7714.6862939036,9415.605888120033
1165.4577624697172,2465.2251750207743
70.57586007508942,3753.0552260631102
2695.490919196943,4093.9576640744835
2887.97838650764,5478.053390253153
5018.776527540214,8465.254443545307
7341.096629994679,2054.310840728556
9177.062237759472,2934.7780017968485
1773.2676937623903,7545.643836428101
4005.2460920014046,1527.9837425695775
8697.24811628996,5896.656301937375
6456.410283630178,7014.482457134602
6760.773400735827,4561.318674717051
5233.102215680069,3783.4760652065856
4961.613312916081,8517.772262932607
8248.223214774971,6670.880048045033
3523.83050662436,3883.8750995234873
424.0494548521323,6160.506527044218
6392.008178394572,8568.894556909827
4095.5140583889406,1626.6819971883417
9805.393721226554,5079.905678731536
9579.716441725848,3816.9801204851206
5678.032751183279,3753.5111115433906
7865.712115132385,6320.440928242925
6937.370369369917,9148.150612903019
2325.7511810146602,842.833595675474
4148.659009791277,2014.9447200520121
8633.279492461643,4078.621613411725
9999.974330394614,8557.192559886878
5083.160470945954,3839.28295856096
432.32318983492445,3095.557866272035
9656.779157278945,5602.210671134813
2670.535056459934,4004.3686493320874
1455.7051588923132,2109.64795729123
1026.108079168444,2542.765948127541
5084.662520669963,652.637507464704
1445.2739422993677,4299.640585573875
1413.9587550210042,6718.893222452867
5898.431639753394,4561.247591515005
4865.765928420824,8350.048186444224
3206.7721203128763,7894.244077980026
9197.779877458206,5176.071472326287
9176.25538729928,8196.842605119351
2819.984855710138,4373.297530462633
4960.604217854102,3028.6554510820974
2459.9174932961955,3412.4005085011054
2135.010547448135,4189.453377032335
4202.833377477031,2387.0730667985285
5524.212672451057,8604.63533005612
4210.605948538193,8295.211320174318
2323.392153771553,1695.3225218537004
5465.599863239816,6158.821991247681
3043.7348113659345,4236.008949348209
4358.388264487907,8614.881947348462
4572.021140517409,5657.513012619814
2827.3597803266425,1819.1684094878847
6119.456958455952,1644.5959610695404
8464.40525944769,2289.0357030801965
7441.002644574191,5996.195803130954
7450.966729297287,9681.978380772507
7581.4809270967835,718.1253182584235
3726.990725990422,4530.734745101627
5922.37342834331,6993.016897882843
1188.8002260865915,6403.470405565965
6083.4496501152435,5145.796849260896
8173.4614391437935,7933.450591135256
8514.83292006655,4054.5355020106986
2258.4116654027507,2248.7301404449445
1677.7674291726753,8249.545365686923
4475.196994603133,6183.514693378042
7010.567776361549,1364.9625285723132
8845.51650353692,8855.380778463565
6750.079306472463,263.31200619465255
5001.39628640777,6757.5546108740455
8359.62984513812,5962.543594359885
980.2251545920649,6351.528056788421
174.69601202658725,100.06916216438566
4828.698047637033,3445.253261939859
9112.328117350919,4873.746919115783
2919.562437640466,4446.247544285951
712.4517486459691,2638.783239487844
9821.648828336607,3097.3185756371636
376.9563578198065,5377.10110008295
6941.598203752027,8927.36911460348
3784.012903541585,9571.058171903
4397.988772692692,8553.411532213519
4208.103398562831,6614.080327022001
2475.570668693091,176.29261622986613
7104.710844377646,6449.478374087931
5669.792738589719,450.4509306585458
528.3739134016873,9113.355778832629
2137.770269693882,6813.715176732798
8275.996921399828,635.4579569480501
3769.2671743339347,1615.3878533021536
6061.280901993658,5676.828763618352
2209.6308594411153,6316.922935376936
4388.869595020588,6837.22839353407
3954.979013401475,7147.997342516445
9998.49407711088,8666.200988177814
5043.703071708117,4775.337684907866
3218.1706711615843,8866.95981058488
6637.758151599358,4001.881369448387
2229.0546213713956,7640.41456239386
6534.643360002729,6831.827423807906
6209.495707308832,3531.4236809479403
8017.022812409215,9285.453829849079
3632.3616194100637,4964.08028439011
8678.739580865187,1714.63956001635
300.56786343786723,9769.238853608505
482.471777110034,9995.253422090957
5274.529970470268,4817.054902403502
7084.974927052053,1165.889448846823
3392.801498743887,496.82757221106266
2773.2234035744686,5131.843871858175
6001.233773572588,9762.656343748635
9766.176019176632,1823.3385254075297
433.43746534672766,9931.353833169083
2532.551196825608,8242.81854304643
3197.692033169943,597.7713261082762
3960.790261550219,1299.818772017346
8853.328618287715,8793.524996559952
9177.131676019353,1396.315858194025
309.5411800814429,96.67135250264192
4464.238210507082,3574.819347568512
1803.509817517971,3153.174913985568
2002.3177465505626,7075.359178299201
6559.310083294288,3571.2900505351254
5554.092518571237,6130.11780796832
8120.694663950626,8202.978438343716
8798.602660068656,2489.0794167399
3234.1168509019944,1564.728341232784
1298.472375937344,826.5877482469341
1779.7250777218476,3748.445323680394
5581.170331523316,4152.891027982839
1882.280980777089,7141.3368726761255
8313.994611660433,8441.552471740159
4746.156088498983,7734.29115556895
7995.08393177693,1577.9411513281261
560.5860757680637,3792.880871471479
4717.134563327792,9022.619265890356
4134.777847003424,4220.971091008101
2235.188385539959,4695.356789267181
7424.19738958383,1795.3166973804746
5358.63843503855,6154.250079708403
8373.3315296026,9745.625268115487
6770.192778376572,7250.126551756309
5679.154060685465,3332.0584522432196
8805.215935446182,9994.077656760914
901.7580896338351,758.371162304653
9233.217076741583,654.4230834764986
7972.491536715987,1735.238673382188
7890.135841540339,3441.917976365154
1626.0539748833103,2599.1611914532396
8203.014087236916,3038.8294615197174
7756.9892504568425,5850.458328287269
3330.0287803879223,2533.1367391251924
4372.479735157194,3969.192228916357
2041.7265826828025,7280.003995129761
7418.270825442106,3945.0962784135004
4904.404490128257,955.7789486033297
1345.1623114359325,3771.0737798993764
3526.3548884603247,4375.175021216441
3588.2262073671245,5274.5567263423645
2284.124427217239,4271.596731844528
3120.923803532908,2545.964935519206
3483.630444110967,7422.187880922462
5703.205055210531,5845.614873613847
6590.163066898668,7495.0003557200625
836.5681368842037,661.864710028055
439.6883032857535,9450.905520694276
9719.819994098689,3255.067791960253
5338.573790453581,4323.724637486712
3642.3200090923415,2641.5361333001906
5373.716342008735,6957.625352087925
6855.613707390274,791.1806435670887
7571.215451554632,8184.606925888409
9862.836105770766,6142.038101250106
4009.122566873341,8841.43432309159
4349.443744953857,6929.984606362354
349.6625093810557,7900.1162745119655
383.35875450254076,30.40081199367939
6242.056168491844,8776.021637949205
3630.5681208086994,2831.039148803136
1341.2040304165962,8747.456380628888
6625.806866113173,519.5516464636785
6994.7481789176345,9387.031898415584
3321.654579220281,9945.457861158786
3459.4307257827804,4221.044443325104
8460.157303115478,7175.649402884749
6767.897093024122,5101.0333197259515
4634.124412405254,6112.436091640302
5987.820323138055,1978.990579322638
5413.706872967116,9699.484364363145
3385.60170155643,2900.541688961753
8942.15937114904,9718.322041060599
6751.279019985021,7412.4780279794795
1690.1325385244902,7202.174801790798
8701.25578501059,4552.66475755478
7847.262887684841,9166.361918590874
5047.586125059856,4241.973825228392
9470.812193646369,5829.328546813357
6273.343060979122,9456.843485007881
4146.641104704762,4791.1209802223975
2487.964517054403,7476.70313814434
3506.0224734027147,7311.958591548938
1648.4994437105504,6941.656348973272
8176.84579249164,9196.033142569793
9819.82796941305,8590.736593671958
5259.346072742509,7938.744587831278
6684.074873534367,6862.328305805339
1701.1048562898568,4117.000345726716
1835.7517784615086,9264.745244189953
2924.865820207504,6947.421797816721
6977.211173368522,3820.7907570046286
8735.88980085529,2983.4111843351375
8494.392809242088,9458.794103415647
2577.405017429867,540.2109171135871
5070.216682743034,5649.530704156641
256.21533145694485,4527.017404356845
2820.395796102969,508.783598247633
7876.446764646401,1367.3746046496083
5101.330927338745,7397.3159433486035
6970.846154526894,9069.861760398284
6144.983504243836,3588.892999120987
8319.541326771774,8332.17225164481
5182.632982875905,9968.462748334261
1153.9715083693736,4893.0218718737815
9488.550383073905,7217.087767698377
7964.487864729057,4428.473472470302
4250.790687549095,8139.314773625079
8645.055275929486,7679.606082868016
5472.284310190905,3366.630860694938
3008.1687243665747,5778.2193950833
676.0481481257697,5092.491305076635
815.3954613519243,2180.8518132859945
3984.6449909358726,9653.33587271023
4610.987696609518,3656.239412325597
7975.363078360119,6333.332226775507
5724.805265515361,7501.0829789711315
1707.8247879732978,2017.7212819848523
3025.0297094643765,4151.109920892912
7267.126295458127,922.9717715159769
9665.213068204455,7360.371365854727
4454.527679901271,1564.1714600842006
5559.722012280387,7191.502944863497
5313.8165171844175,2931.561964422579
528.4029584699846,7843.390687711292
4134.535932806252,7424.298941352612
8295.142733987359,3262.084005422464
2414.3697072808277,9470.267649661679
3696.8840387418445,8666.30988833511
8105.280299460617,5370.296056428262
6840.54696728851,6611.773655790738
2450.4641245671455,3458.9579775175425
9103.179374482881,5255.803103148903
997.7952886140939,5974.012624579545
1777.6777903459051,2579.5383195528243
3228.4279299959985,2610.9511404050113
5711.342904773375,9148.900525022313
781.2617569970271,2031.7964625432082
1410.8278478547043,5368.058476554628
2726.9518626207114,2245.9751180369767
8642.249004870106,8313.97732534722
5671.577606627582,4120.535313403585
2634.12558128832,1969.9602587859256
4987.340541904953,5727.341699539506
2648.607509672927,5550.142121998748
559.7689782774939,4742.053437482775
9602.195712199034,938.8876381721057
4957.105099896413,1893.740015098856
7996.447133570974,455.18640739451774
5479.077174395404,7039.013332671146
8224.717001124161,6409.37483933417
7239.069535159603,8027.713320191157
7655.537742448212,615.0173584892049
5721.294517510785,3037.9931461753827
3506.3238190616053,8998.809150983425
8670.740489137756,6623.685613965986
9111.866089669214,2966.8126802216943
2870.9224195592574,9949.190148159476
6245.167400411342,2674.02689367113
699.8496100770635,4403.927080539926
4970.9733205556495,2056.033672585785
1546.048540250159,4749.236218247833
9611.158296245956,3564.6543136363985
1541.1950091936467,8259.268996028046
4143.732836843635,640.1275223146752
9741.97154254489,7884.6793930259055
8868.411384727644,9823.351498405826
9636.672149315664,5257.488551771879
4311.9036551142635,4356.350975902853
43.76280638202501,1346.14772155349
7303.490632566967,4467.177307513021
7540.594698592234,8331.476518322146
8486.00511256063,5082.699142962921
7326.626849735869,4369.60561533024
6891.848214738141,9140.803936961434
163.35422162720326,4406.405882813265
547.4519470064964,4404.81398668082
7268.163150051141,9258.094613121883
9899.133750537465,6322.620756433455
425.29586707396373,5758.472709587269
5256.066475946443,8397.65365330005
4956.693957059205,1100.3915910439566
3008.5280121323567,7301.235926055011
1885.74179502924,8353.836491925773
5771.6830274384265,4249.89561292458
9701.107250853995,887.0564336313236
9769.932251456346,6219.692753660656
7766.428916885028,2327.5994597860804
5245.96910316077,4155.068883390412
6523.6334895962655,4604.263971252313
5103.817576633075,9792.467535371501
3914.1746705617575,8378.350361178072
4477.912327212942,9355.723740533254
6308.940386187376,9501.066303962998
4772.068951316644,5767.352477777824
1715.8907314557514,2173.638073978322
6775.118380808582,9665.79883639333
4307.54691643441,2564.5667396647664
2586.548011515949,2794.8974958783147
5885.762632440378,5898.6527393806455
655.0503264418905,4918.712875042406
1875.0557680093116,7096.785683099247
8085.869529485844,9919.476000093344
5773.305492303272,3188.818596917539
7752.008846303706,1302.6596386714684
8463.261568099682,3944.33218918965
3573.0496197344096,2294.2682613776165
5050.617340060584,1451.8978526273995
8203.273682843772,3741.5740790375817
5131.030598488864,3245.433248529832
2307.3839953987485,6098.882752214819
3118.777221332828,479.0642141460988
7906.696373109021,6192.422859772128
3832.3296206897107,8984.962301144025
7556.904153933059,6107.909873255914
2014.7325955013828,2254.5082906952107
1370.0580352307556,8365.845086159336
8798.252120501033,3476.2194202451524
760.9035799406083,3748.636493714984
3626.83408458102,3919.432739845542
7587.522399954085,1617.2574091730585
587.5821657256474,6157.0926630667445
7992.453386338873,1075.037487079299
3147.1512590255625,4736.972608065252
6662.739602086408,8381.016883186121
1817.3705415510244,7880.67936229668
5852.022695154869,2355.415385681008
8993.819496357786,3976.96995198724
7563.110332315623,88.42422267315686
9572.456737575441,8320.791626452174
7033.561270653129,4820.8628276729405
605.003040279376,5456.439915939809
7818.297388390495,3407.0883553012955
7654.355405934133,9490.601892950226
3392.970875096121,7881.206264522489
6317.900511577431,1051.4960508610739
7404.085629912597,2401.3886530443297
9758.88013431152,4795.223827378511
9360.958058985554,8952.904802746556
3768.9624294398595,6102.482078614999
3004.3407379972764,9757.830144088166
246.61948201560645,6168.027511206809
3919.1733384481577,8939.792585362544
251.41539551290836,4214.185128049702
4548.802128331624,526.5179707772683
3486.1358800331677,61.71924643659344
3662.117046234741,7287.255159200301
6470.126391110684,1529.522027095489
1693.82831660137,4928.570693999853
4084.669398908273,7781.440704838071
3326.238418580908,3695.189926008965
4462.812806126714,2358.693604805796
7407.130937217668,1318.5020055922469
953.6049276957336,8219.039825770034
8860.607372375947,9772.593023976122
4421.147832935551,4600.104099221715
9741.710592565725,2525.8478941191975
1256.2366784549283,5775.26522802893
3151.6671391381446,9214.3255893744
6808.0010412917,9295.759007388708
9474.394043762897,588.8133492738701
167.766138135782,9628.34787305354
4326.70197133481,3570.1442452292563
4984.797323775867,341.07637956451333
5931.194514165862,806.088077003353
7226.178546625321,4042.4846348153756
2637.1646864911745,2599.252498314303
7063.117776654799,3450.837213598984
5171.047086633762,709.4721122895364
4042.6512875226326,9957.865672311216
9354.682274795496,4486.604780786605
2026.804448387245,3143.6149193887964
4970.709424608944,6216.695336413729
641.3309699563619,5748.685702640974
1346.708162082756,5840.029277698461
4009.464870119297,4447.22216273768
3073.7871398874204,3084.182762266139
8054.218599806451,8894.604173385631
3811.7909036958376,5783.8195261400015
7768.643894458724,9450.137597930754
6827.101642716664,3815.4022385859066
748.1094082820027,9357.907605566774
4588.466045498866,1057.2221039535211
9049.236051937998,7174.639247232732
8009.796340802828,8406.502312287792
1069.6352614404848,5829.164296438688
491.683565343134,5497.144378619101
1508.3209079289527,9859.602941127634
5454.8009952293805,2696.0531308002655
2307.124467142716,4152.410272409772
7949.6723572143665,8437.109426849605
5196.593496910382,1220.5633182526087
2616.7420287176446,8213.007293709887
9738.720273936424,2244.602089420553
892.1859898992857,1031.7853355364448
1249.7410960278798,2137.664015023645
5260.213129821477,4885.754909301494
8258.087160408604,9049.93884325888
2588.790707096711,2692.4482528639637
2090.692175546921,2042.5205710088712
9627.149895896198,9745.500330004894
2454.2330583462804,2913.745870809136
6687.9279125761395,1723.0280435341526
1066.5681814501327,103.36822396299961
3513.9357501722425,3883.3790530307087
6915.108449232005,7656.621637903671
3843.0792058466877,4502.101571993602
6528.1631997954755,105.05062401590438
2114.9710579179136,1304.7906632228378
7819.682713367732,42.05507910405859
2676.0727528252837,7695.355272355781
532.2791278356176,7089.369742760081
1978.465858739833,5539.334569566806
9391.068044068224,1564.7397848696553
3266.597301984535,7485.878438702364
2497.0278604863074,7257.161810841675
2731.520176443006,9931.31778847943
2072.2481612659626,489.02437443796407
1852.384791525854,8351.20131895319
7516.994556421915,8461.782917633325
745.1388882161358,1652.2942573001087
3095.310905816222,5086.902972847257
8831.576598194983,5853.046794617694
7773.666055994158,523.913540347244
5981.32614127495,9788.726353915716
4800.324115688992,1740.7551395597498
9177.15771189301,9357.495485682137
5154.800666416899,3071.8929321314827
95.69906380894278,2358.257370164919
7354.769110295293,4094.4524943779757
372.0406467684556,1446.5206210275317
7360.325205246171,5211.302676351998
9093.971590556757,9354.458726418086
1013.0509088872142,621.2952404507865
6766.938312132672,5727.57403127255
6340.460279443185,2682.11677811241
6137.705224005606,8873.964070063148
4024.914345054368,3075.705703024808
4212.590640607684,8862.84124657293
9852.854251927803,575.2314307653284
5231.752766178995,5838.4811148298895
6233.545635238225,4464.085472289826
5366.207106699353,3479.838143796664
8027.038539054946,8151.046233340578
9874.32028232362,2130.8944468868394
3791.9997898423953,4566.363776774319
1916.3820973515633,8114.645977674428
3626.8809381696956,8520.328195217362
7510.323548081278,7555.4030542369655
1826.3504808916787,5984.698103478397
499.40817110181615,3243.776241426385
2454.9329099471206,8388.558824753614
1041.9742709488432,3719.3347775449215
8487.31750564709,627.6997756867574
3008.397000976166,2044.6224852939188
6108.105256722015,9037.656090385994
9412.866683998976,4123.478180569274
8699.681792674257,7243.470105537179
1716.4571537347283,8450.036277077435
8660.480472092846,2076.403815736356
6655.434571970318,595.071426574314
4820.024275103404,2220.107496609709
6263.112003873714,1476.7848720800657
9808.768030375128,5761.496658116995
4169.441022086006,6867.507350008333
3344.656383299072,512.7681431002129
8046.433346936159,8340.676652571492
4718.208126364498,9735.305912901817
890.6296813821347,9862.660120541932
7071.966973702981,4189.982231808402
7421.202530193326,2126.4587927181656
6228.628497887614,1416.0618072009956
3122.016980239174,2765.2658747218907
3379.035340378923,3157.03222840067
8292.36330436828,5367.763070544795
5529.822675265564,263.4139348739417
4305.566025106189,9339.235691952654
356.9885277442786,5058.164269520508
6832.721869999006,9938.339278928224
8681.976372941752,8706.717652047275
8554.195413522175,7566.559282306764
8232.19129396466,4165.014498722662
8163.302052613582,2522.8226651839736
1603.1375483539734,3473.2408517108524
9663.499597736409,3541.1259498414693
4285.043459005125,3041.76431395079
7250.1646115178355,6466.069754989393
9378.825556892947,6351.107228500359
3393.3835411433156,4405.874863700583
6008.641337022268,13.576172580519463
1514.068408046234,9578.605061208646
8849.561115787132,1368.3691764923556
1004.0483919278398,6047.265760140228
592.0845707176636,2781.9795495209178
6231.576275066589,2126.9424865307697
7861.069289142752,505.0401415895922
7941.811379627835,313.4078195653578
1707.0776496551387,3594.0724933440615
1080.8109076831972,153.0901890894565
940.1100353070491,6081.390042570956
7713.396847612201,8923.283403752597
2235.420370454155,7547.11344273842
2566.7928198964883,4778.4203778769015
4364.51194986984,6903.583465144101
7833.8140620748245,4611.275633758375
2557.9937049905966,2980.896216582587
1010.5382886431269,5223.188665747952
8538.088090013283,3663.2968214407056
6299.213482483749,1615.4089221811141
3071.5149071513047,7815.947436378225
1317.068454155439,2807.7406423908615
9830.036165269234,8476.577897436786
1889.4186000328882,7652.670044362813
8874.471571948865,1163.20521500212
1644.9927588096357,1315.8308172182653
2719.394296212242,9547.346650574047
6020.943652778433,7087.172334636281
2467.4264029422575,835.8207252272731
7137.754115497058,2728.174232664291
1810.258620762828,913.9815899821601
4565.720651109072,6694.409768216318
9398.45579532032,481.7059476978214
2519.8466788055885,1405.1229564909484
6828.0726519721975,2875.6852424094304
7912.271541535638,9580.61851581756
8100.226339680075,6302.047194000322
9170.988092997153,7342.571656534526
502.1897899235728,3745.6031215045637
6517.90476753626,4891.206923685814
6047.630393762951,6057.512163529717
1404.0997367131104,1913.723092157017
5512.855978073089,7307.856925810895
6564.03377821952,1079.1087033821711
3899.9847279513388,2533.581028515455
2516.929072485421,6708.203020064621
2950.0852501913423,183.15845231193896
1516.5288706328063,4894.655238725969
7744.882337078721,5487.441150551872
9965.459755710017,9080.919658225781
1173.1171410311247,3691.471617865323
868.3412127956569,7929.948406264836
1937.2208915813683,117.86657254020616
1283.8986776154427,7052.762401763854
506.10049755123623,1708.7635065480222
2149.7219000941736,1532.066027406137
3947.547411983169,8510.641151619655
6343.44456794124,667.8501166066985
972.5827100975481,2623.4125850671853
291.7267838352755,8105.664725779457
1322.3478961844814,7220.04830140591
4401.527270673389,8810.510812003571
3668.7035007474224,6008.401663384298
5477.00337137928,1194.7696240677353
3105.635158859661,7671.360126440227
3166.0355133030403,1473.1993876956763
8350.335795266914,954.9674413676546
9144.70996817066,2464.249619822202
7350.708834241638,9582.274565217853
9571.443899104728,5679.045997463051
411.9768318627837,3330.171498845893
4541.944476549565,9512.467934145028
1556.8269281760206,1732.4296251272565
4506.595526958802,5645.851033930637
6825.186219055884,2513.8355363526766
4280.289038718058,7826.207662432989
5546.906817407608,1425.0174572321562
8758.406144079896,6118.676465168622
9690.460648636117,6535.125324996633
2117.1768555558688,6553.068810102962
7406.94106793248,2833.837116056179
8759.37651147899,3529.4337439768597
8971.818688208148,18.823500781887105
3112.6554766377167,8158.84390217352
6725.496992407215,9852.324642768599
6300.467554678734,9988.740770437136
1194.3625718237993,841.9896545904504
5835.493141358248,2625.378840149847
1637.0761901870235,4543.918222255773
9934.869153079984,2804.776515736779
8832.563178277072,3788.6027737361096
760.565998234356,6720.727366130418
4037.4654154848,3436.9829221857185
9986.450726772679,2880.629851393546
3905.3205159078184,8840.3144321735
2992.724059663837,4022.6180781917888
5397.013543059928,3660.498966111171
4181.8542683937,9817.700899815423
4807.245158214395,1525.7645294194033
9585.450336993987,6110.154643149847
5345.510353465159,7960.278627021698
8856.005747463982,9933.075210458337
682.6674215859541,3507.2506631686174
5420.540895528624,3393.681782535255
3304.253391159997,4247.718417513994
7066.414304730843,4309.964985921857
6524.439643321806,8352.601634462902
637.1361089302441,4639.486157393861
6705.263719952014,6003.375597846779
6650.605998644672,8887.804323517068
194.8948897134817,3739.0456108123103
1020.7391870508553,4291.599413167394
2066.4771233308597,1158.746067082691
6401.113056645212,8407.224659920597
324.6258675557101,125.3184804718166
8125.835260766839,7581.621125501192
8285.677118037996,5228.783280945519
4201.364964679622,3896.568791570234
6091.883567982281,1643.2178489157334
2623.528316460879,8697.883212346698
2631.510007472101,6193.275209329135
3864.795841923482,956.680055960979
1917.5420601185178,8420.752268518401
302.2494450199309,5720.401050051146
1063.8912087746444,6561.607094575242
9776.105007222619,6732.231151270546
9722.979146291622,212.948815975067
9688.400905028182,9320.3434074867
2647.526616789536,8121.3667801968695
5121.801668878342,9830.139229804437
3317.268698081499,3932.2321820448346
163.71350637678805,1275.6291481140736
348.477158634839,9616.921303529985
6250.715673056055,286.8988520445348
4034.8975859993698,2772.527063231418
3966.2404152372033,8849.118058846663
2419.8692516655274,1847.3561040092156
7944.022505476841,6197.284852501929
9189.231711199622,8779.046841727428
5956.358430261396,2225.053185699224
6979.873750826302,6966.280131859653
8932.410693686426,2945.9296978768325
159.90091402061535,6351.779448305176
4306.202699601913,3080.1072948896713
4057.6265346458194,4719.492146052879
779.7327779515261,3354.3118183466327
2916.9757026964803,7728.516840488049
160.46603830493277,5630.292829305075
7465.51932662896,3915.0794274456002
2832.1358964167207,5754.743872512104
3170.8138142222588,3933.5186447865476
5560.8072351399205,4545.24491226244
4752.491020198148,89.2330795318319
3527.6881564869313,8044.736896514047
5817.8134485778955,1327.4777331583177
730.4215582430618,4377.449083041598
8652.904576663874,2881.192681999355
1603.9290706055942,4620.789842707493
4186.80162588159,8308.30139473108
3436.3802896013094,1500.935999417775
536.4923528316723,8671.483787366253
6286.278271416459,4641.330015032447
216.76681460296777,9203.678617278858
8967.336422696118,8712.282720385072
741.0877273871719,8475.508954638006
8621.455491679746,9767.962228273584
9037.263863596343,8718.348106877453
2060.988801646192,7764.098389877775
6422.721984048811,1234.770652775282
4394.626791264944,2069.66692466501
3845.6818133006855,9956.643250463845
5229.739138223073,6693.132744592461
5263.848076208693,3261.167031146325
6322.199636613846,4914.699603256734
4307.304408813637,1298.685170360967
1906.8717469228636,3803.6870527783885
2464.834876195261,3411.839648945538
4738.148384387398,6135.475560463077
3308.4396058360467,6502.962044753765
6390.139407317356,2640.5140183601648
1850.5230165337628,8760.375016591634
1322.119485358706,3040.086454877862
6627.3999399879995,2175.727590494344
669.9359563364815,6429.1464684778
9313.612084396676,2538.5739128359905
8563.97629510517,889.2912428881006
9076.518443296563,5436.387045757235
3080.586636748247,3598.851576199684
7405.732609830632,5394.327692302284
8769.740950621474,1765.7664703336195
1001.7709206621406,992.870001685926
4613.467688701887,7113.6205632032
4633.613485227764,4754.5289052497255
9357.215707652416,6720.058366571354
7038.729991392207,4691.509610399458
8344.748000487267,4828.036692742068
3885.5741158015944,5045.372585259858
3826.5214676314363,5063.700771951337
9096.786230773283,6742.128801583447
4803.268029898729,9827.343627888164
2517.5418374585333,2824.630009409559
2999.887990157147,813.8426815361332
6576.3325802637355,6995.88319821138
4097.613234024765,1856.6205035752814
2443.925133522782,5729.164804947409
1909.134972930815,8538.600636972578
4512.7350386206135,4697.76266356812
5230.670304474844,681.3155592633225
6528.805931923093,1791.0519139559844
1074.2878608637075,9399.830852471905
8462.821183182738,420.77113290943214
8447.250502190174,208.88910146081184
1331.7528062812535,226.8161150687187
268.2827259132381,9615.758710062819
6395.897259205946,9515.144703416629
8497.522637473287,3853.0868207314707
5531.691913675948,622.3892761393379
536.5578345785759,936.7503300066581
3929.6044745749027,4071.786268686839
7955.158442640061,1098.5857166749713
8258.470936204094,5664.528713705957
307.8083525223496,8469.874860924927
9368.533234087632,4343.722254449955
9116.494537956898,5821.327593532116
9005.796932170973,8340.708903692848
3522.556421079117,4740.742970244068
6902.560681430537,3988.509822991584
4901.452368667993,6005.738308701289
7578.045043118871,6472.5457886856375
6249.507416396135,1596.4934423545897
2238.729352202904,3504.7741940367796
9250.02992075376,2274.4240373116686
7953.5960257361285,1751.6561142433595
8861.462963592976,2541.5857730728862
9566.96829264801,1411.7485210900782
1601.5421219207426,3897.0280591484475
7900.20234875857,2065.391099465196
4493.653509295714,8493.553176372387
9606.108971961725,1366.4706868551234
8630.128576198653,4290.056335678109
7724.383342205016,9429.05471008888
7568.972221446599,6058.415375066001
4670.693404198673,2960.5960609704375
4120.357901640465,1427.1628439240046
6740.956348703763,7927.429436574812
2893.5286514210056,6660.334918111433
4082.747453872616,45.48862589356606
6219.411797068863,243.6897293481888
7904.433013806103,9505.700565493791
4382.390329999871,8713.919154869884
5426.640715733668,4129.954319515371
3572.8693193050044,4360.984238219443
8287.404858510921,6102.002980049822
1528.1536460043665,7349.008529850745
6803.446338539601,4421.505409576547
9231.927389221795,4190.50501988901
5454.47605306066,9553.594692235656
3785.6030385493846,2971.1488083243653
5909.444271009168,2974.708337714611
3180.0866644738758,9750.655714254512
4341.869256691235,7409.8556866629115
5717.590395441613,1562.4419603548245
9047.754222583555,3996.896205937902
5562.946911911045,8607.37212063554
6408.495328861274,6859.772114884074
1129.6732623176997,2207.2312726200107
6585.013800425432,1775.0665538037147
5455.775687413772,1750.4436382815759
4842.278758287763,1154.9232462645143
7718.45118574797,62.531155445814115
1976.680565930834,2683.6753308441976
4696.703281934591,1533.7432879537516
7522.398041177834,4209.486394476364
6717.1379183024,5741.570609806529
7599.480557366316,5132.7096599745155
1435.3504738319211,5094.897702981093
6595.996550548279,3687.030013718483
4522.990501320752,5445.666718800783
7670.338865220757,1011.3051202991608
2279.336326945908,6418.969443771394
8372.10006450085,6773.398048269324
1456.0149498057706,2336.693408135305
2926.2338127497287,3565.440341646059
7223.407688728524,6184.442038570125
2449.8393855090685,7161.504200276761
1995.8798399192824,9814.989561133172
592.0136686207245,5178.156174680203
6957.798043481515,2132.5152846834517
2990.2651688227043,8876.827708457005
208.79561018094296,1287.2351593630106
7681.639003023062,8920.287972344371
687.3312683717193,2686.663864011588
5167.124854195016,6674.389090800433
2981.3665840304393,2376.7013273723046
6297.21091348682,2389.7440374028
3509.0043074036303,9068.369281201289
6119.3600038579725,9719.527107118085
3068.535905501787,8993.029176092508
2452.66164667972,1226.2593083839524
9219.908488183766,6844.591162841771
5809.345730653489,3939.141838102952
4058.012786757025,9411.189253300785
965.0234540957736,1845.1728173051386
4285.033461387627,7218.933166085127
4807.391383253359,3488.173219232713
2734.2727169202863,8671.874029705044
6161.328449509388,6790.741773583941
8363.317984947013,641.8491400758796
3399.8334262623243,6076.410536349806
1468.3609977092603,3452.067934933841
6031.485823966406,8087.263503150156
8134.382734668885,6040.533318821463
3839.360604884652,8007.954962840512
6003.414046022877,288.448408207842
9198.787711424844,6274.014818763209
3467.1030257308967,250.59033138031927
8993.722725813746,3850.4069722762024
9939.06460952133,9459.750730644866
1083.8685764214629,8847.361773244955
3455.8621766826514,2252.0137797006223
9545.701787838132,1136.3647425561285
2828.6111911267085,4444.776443331743
761.8227606095218,5766.517523300327
823.9204806619804,8524.282605994553
6158.873922579151,4678.175841260324
8645.32450104702,1928.9160428407815
5411.921567101832,6206.647459846133
7324.504312382608,8226.802671208612
2936.3871429286523,9239.154936669493
8070.768209841968,5545.63990833288
5188.669491606563,465.0288365959909
6166.851801422141,5754.537631826198
5797.283814184851,4951.128170926183
1953.6605224370728,2107.8591322185293
9935.30620842482,2572.3387466186164
6663.939721741472,5144.294206249167
9492.37803960985,1461.7284297387546
3299.186256137243,5778.750078994226
1593.2260507034391,5642.96354953355
4223.937606412131,2460.405868860257
3076.6640824196224,415.1683600455847
8099.089300982978,7934.419358385399
7984.3648361237765,1220.9485826235823
2325.371501457402,78.89825506895431
793.349723879485,7369.415434074962
9975.648652200183,4293.10516240416
1121.3230001010643,5843.753026837971
5984.846034397816,3259.1325305985897
7930.868334142683,6473.618523165946
6671.9789580920615,1835.850799498131
9622.232860878426,8338.020974860843
875.7215017527486,5639.759466187353
9077.60770455046,1983.5963372192323
8472.862475469703,6852.540375104282
785.3701126875256,5056.424447422592
83.62168488101895,1250.7909877933932
7796.9314436360955,2277.9170349266733
429.7082099531535,8131.969291397919
6.993003935106268,8952.675702197788
4212.17872251783,6109.079084349185
618.647890133619,1409.4288186441484
6766.746973633302,8399.871025025825
7107.812306184045,4238.671216086961
1634.7635336169474,550.2023243888387
1693.6550396960558,2568.3583798949994
4376.908724353296,8137.152261803705
9637.332630963236,8567.478914592542
166.88248658146333,3144.845325212461
6396.025963485573,1526.6734346309152
628.7465128383407,8308.450621311586
2670.5093149692393,4755.358492316403
3801.4421884038984,5267.674717413224
8320.337443201575,3894.532547808608
4826.604478899001,3816.6948311840674
6407.741040507609,3091.6541757016303
9726.813985387567,1577.6774775061542
3595.024425652126,4442.559584677737
7232.036618499534,3760.3723655707354
2343.106897173726,491.5760909183453
6693.965117224004,3156.861625669509
9756.914745609452,2236.1127185941655
7703.981467824859,1906.457289561576
5330.029470148864,2711.223202799046
8661.355300677684,8414.591285341005
3045.666849135221,7084.151206135502
2598.024051758967,8113.016778484631
1031.145963964668,6370.602885930792
2359.0386636176117,2981.1576290796547
5538.714291416434,4216.6401470665505
8651.563525644928,3915.2862988561233
3690.7811574232264,8047.289303332791
5704.494694065259,6530.548407700183
6598.111618116478,5681.719899415908
7457.401229520734,6063.130873472681
3107.115328594553,1859.1890853470072
6747.894915980059,2013.4027443316193
3297.0748562213325,4965.635424946536
5581.134855024251,5580.428018164193
9219.687907205776,8846.631890049277
6391.482328735752,4130.3242923889875
4815.855820965171,2880.1098904826085
5110.138526625669,2672.2894010770037
9852.033057218432,3890.395718143196
2506.63692817518,2187.063439744876
1551.773992275618,4005.0848979870857
5370.937992318008,4631.502919824458
8482.548325147269,2426.55187081962
2403.8421744840275,3778.4803476534166
3368.8945855043194,6056.632571991334
84.5508224599334,8229.941198769846
9481.579611402898,7720.146417801762
2122.9396747022024,2601.52371470991
9475.678825406843,7440.663647528188
764.3511973614981,8275.614150222147
4417.8959451923,2734.4528428587523
200.46228272113774,2057.7342597167726
6690.877381877749,592.9401873548512
403.6852935888136,1802.1177921566157
6764.806871105662,3279.365881427404
5213.261513901651,6119.195723851868
3858.84783377053,8273.592540999545
1090.2643743727103,2126.2171984004617
6327.483889834791,5170.485717552009
7187.861998996748,2570.403539721049
5363.254353174613,1635.3721445474466
2462.3781642988606,8060.035763485464
1050.2358265774603,7237.278817971594
2065.773792060077,78.13413194180386
8840.860496156598,3395.9589011966495
2586.279910845778,5567.279882876077
729.598526644808,7184.911607590976
6461.015760704685,5861.073803799664
6797.649596429709,9698.887327480705
1734.0461467865443,5477.7598511409105
5215.823748077327,9628.762169797536
8001.966270626322,5432.3224402652095
2299.131658635648,8257.012529593138
5338.918147911949,2077.028734295483
5564.529412544309,5958.337729715406
1059.6420268385932,9062.913456811018
7006.81960881375,3557.1180710201334
8359.735445008937,8634.813961341264
6388.612830582988,1885.4240652572407
4253.789286784661,372.6454671881962
7438.998023589595,5877.493694604475
8939.129351496413,4545.434993667892
3761.356197022555,6424.889422435122
9256.638694438434,6532.935638767672
7692.6124652052085,7096.049275908091
9337.211493670398,3746.395569865467
1360.7494029529266,5991.450041563679
7517.563732186772,6949.03928142413
546.463979479821,5664.150062912051
5816.830813147955,2591.6381323186965
6319.919992229289,2517.97271661553
9709.924178951813,3364.5205999156037
9504.368846650674,6311.674820860376
7740.826100741757,2342.2927204092293
3062.156654086823,9472.169810156282
4967.51877326457,2763.0568739282526
9833.063020674444,9104.304043081122
1716.9361688218166,6607.000027855332
6190.412471511594,2266.0102318194695
7699.890119389822,7293.987766985778
8516.609504252718,5880.900990187629
6816.373773420715,7718.047936166261
2920.0426770711174,877.3529917429246
6096.551453811133,1262.342988181966
3561.8122275514597,6487.747768599495
9418.711361555002,6530.240461197718
9955.815231245,8855.459428896742
8319.410136816616,78.6967771823921
6298.640049336065,6118.912390003157
1044.0897536322545,3961.3987057423174
9817.269823495182,4121.805304658787
4833.546667172441,3752.8339257512157
4821.290180356857,9643.571830107077
469.4486639723872,2222.464184185724
2906.9667628419393,8097.473414259407
5512.555288979216,3495.965580901841
7603.5496692482475,5106.156787134803
5673.042276075449,1623.8029622468841
7764.760210925366,338.50160361526883
7018.02829967237,5097.473611674926
2065.4571294428624,7671.399004198358
31.459404076297215,6540.6794677187445
1625.0430347494328,8549.485496067453
2661.2059291080805,5473.969048626799
5910.896974502619,3597.3966354824115
7448.2021648374675,2360.5757932966144
9852.34584827234,4919.479035592426
447.851427237157,4283.473797073928
3245.009850229952,5381.952962709621
5402.766883124022,2755.714011776951
6187.373740572987,7423.496184091489
7595.270975349121,6740.497318101157
5034.759848412116,4193.246059524206
4700.680746260845,1542.6466455251764
8227.021583165595,4344.180178203308
9906.02960537711,3098.3568519027103
9307.238915804495,5714.848107353167
1094.8691592147109,9477.475770407655
6243.202243292962,9340.862432467527
4570.588666879299,2867.705415822074
8967.269089329286,1578.4871679133305
4888.534977533751,1397.1010543111283
3514.9411504240957,1607.856684783181
5456.361009913572,2178.19325840796
9736.08016336343,3393.310858926517
3446.8144430819525,4352.533002282982
9863.659951064743,7436.352579848623
977.5352088696177,8837.017046119736
9583.943870086621,8092.328722787234
986.3008486243208,3946.8527511135853
5658.976590826141,5201.309991318755
6787.158409034718,4161.964011254055
3405.8265744127634,3191.912043159284
2413.2712713283986,5246.378363803354
5327.652596909861,6538.482258828929
2270.526098292246,8548.578110141407
415.057597501961,2718.0146495638933
8030.23773538686,6487.690639484469
6923.338002735873,1654.9507538089358
4998.244707617432,5015.952691742299
4095.1055566984573,2838.6245211602536
4270.704884945477,2850.4390537975164
7291.243406913879,5160.506586276688
9570.378514717839,1035.8227663570985
4468.098242836782,535.4920661264084
3414.8531631583633,2051.2291608434184
48.94435497303951,4803.153130645928
6095.822600628395,1405.2345311093172
5888.447073058246,7856.860625132684
5671.671594835166,3512.1409156091545
3516.3435269802844,6072.753101155451
9867.398851700955,6825.378865821107
5813.700566270349,2083.9191360635646
6578.670176571984,4295.086164355343
1032.0471732291114,6998.842892756011
4498.510428066691,3216.2132521766853
6849.203535238583,1141.87855471373
4795.171757588236,5293.511019710376
874.6611518633374,4296.804757084719
6048.324969180178,8263.694524754726
1745.4629925192066,5543.236251544449
3529.469348728613,9396.629706712269
3214.2672089377743,9596.085495540405
3142.5619414741222,3366.6866216963876
787.7495719596305,1842.5327596152074
6616.072651755562,5931.866733126871
8638.097325387078,2222.7992659188967
6296.9874638423325,8825.228557712157
6068.424789401615,4612.071634043231
9938.687454591116,7424.928591038281
6646.113589713389,3217.191856394137
9614.541342370794,1409.5950249154243
3410.5727420466546,4089.1119495306007
3661.448541704886,1159.319061166728
149.55474094971999,8325.083532955596
1971.7254006844398,5815.636758028869
1470.473272168049,7689.603344297603
3973.268703804199,1992.947716074416
7496.871367293166,2316.2049818306095
8483.937395008888,2626.3899304568617
1593.3132774433445,6348.949635633505
9598.113143104734,2819.2172206716727
4317.970980483749,1597.954959306832
3694.5174407078484,7696.034577623786
7464.025215854938,9765.994222619862
492.03776255869025,7381.5266417594075
3491.367370494176,1082.4100137965975
1027.4592685240148,1204.3839063624284
379.21476101637984,7491.020049604744
9600.172090572976,2674.9571199908983
2157.0774577476514,2594.7280120154883
1478.6190954802337,4723.619173498275
7220.487184554294,9927.20747547368
2256.6713433324403,5395.215885599937
3420.5609579781094,6639.464562436764
7750.706746250084,3926.1276179198967
3777.5380853827787,1204.2255169192929
5232.0345252197085,3069.791466884141
2453.056196441552,2287.865509500784
3087.9720298770894,690.260063334085
360.0783869802482,4030.134682729104
8316.878449199125,6808.734054376989
4446.087284236779,2563.31147275476
4231.266079835773,9707.07893556328
1564.3915672500907,4379.480133786944
4961.882111131921,1065.8645864888372
1127.1394249055988,5359.4367378257175
4469.328499740417,3851.4808584647
1367.9774460382876,7442.935806046787
9947.012290273497,4730.778156452838
5610.767646548254,9285.634409636219
9818.83807522348,9736.624593916282
8471.678606282057,6158.426141733564
9360.269433462892,1285.7103401106506
7905.081730664574,1773.1927799349844
3839.0265980352324,6184.89279117666
547.7978659301341,1618.9546656242992
5031.338886537652,8823.108768585047
484.8611098927402,1479.1797172305198
2742.8222437799454,2981.870070170044
6754.932665753058,8469.828063919758
8383.928001877197,7045.950536228384
8903.338101913045,5907.586513229197
1773.1204318324922,6627.08040184247
8641.852247580402,2693.65163892304
8098.334447051176,6642.78933970972
3923.2039058988166,1410.228160573187
1013.5679616283533,5939.261408334324
6561.625142504305,8432.083332998607
7306.025642152345,2853.8251575743334
4489.754047091804,4585.008827086147
2686.0297201508533,9971.291517402027
8367.161206738494,9376.937717244213
7718.330104213888,7124.036069605977
7372.818361799026,8381.587744190081
7056.919838133242,2111.0576563409777
8630.033871595164,752.2955676792609
6166.6854621751045,559.475464362158
8949.958742179382,5335.217575128557
1459.7462279825625,2037.5680705293796
8607.643191067153,8053.111885055458
6725.961581627381,185.9996870495184
7909.5310477583225,1716.9347250596256
6501.377181388189,9944.37047737185
662.2525161882343,8776.397599309423
1442.6864070148538,9123.245391599763
8257.20844425547,9122.538796357898
8381.959468385301,6039.834418699069
2085.2494023767267,7901.053324093402
4540.461134334476,1856.8038931528674
8197.057076321713,7468.5674220738765
7432.750784101707,9785.214361329268
9392.684045590304,5055.310833974466
4770.571011825393,9788.89437414275
3217.7355328369063,2679.522284393755
1911.0764684944681,5581.528948506645
4071.7228421943096,969.8086665184346
4937.16055995866,812.7155407785402
