7755.838081704144,6244.683990851786
3892.7205571400605,9861.58965055299
1754.4941354560394,7827.069385733703
8242.901370785854,9711.664528905532
2253.042065202383,2007.8804779886873
3077.476767075723,8427.823091701912
4157.089951716387,1397.1601057903804
6570.84458352789,6184.676032260202
4662.377766867433,6126.762911206214
9413.60608263606,815.2086387608725
2067.0040892254506,3656.6475476167648
5982.541998071119,806.6362973256258
1009.0411493417473,7273.277986292353
1238.054802282591,4620.726360008536
9238.391520983852,164.85489955435418
9322.455025993286,1327.3092659871588
3264.6538794613766,641.2743706053603
589.894848265543,9090.738899413318
4613.374460991188,2551.2119686409674
3265.2203792279533,3890.1542724612327
4883.685269038189,1713.2427957747698
4199.302467990898,9057.651796840604
6679.501541597899,7556.551707667837
7495.408735840381,4079.9540715839844
7683.903896601775,4583.870362042009
8899.363657378784,2694.8418312985355
2602.6234208778596,9572.187453332604
3028.3799919824437,6523.794750977727
5389.035513969561,5411.060680060456
7472.429543505113,687.8064525877292
4216.426731325331,239.52529652982446
7144.20880013739,5750.031697342576
4435.545160275632,4979.7835127305625
6023.861499697288,1469.8673602859535
1593.7468352418382,9357.864626759554
8178.613141478368,9193.535978592974
8504.491360011294,6006.561905172395
194.47858148229358,2485.1122177812736
9130.240628253849,6863.963488678114
3838.5146359016367,1248.1853481945993
7309.352969965404,2766.381881523011
2401.1575131848863,3764.433185674011
7886.625295050813,5040.972515986055
7546.422451148882,5278.276871805595
8658.025938499915,2243.3336134572114
224.62427101910598,8328.23714019817
5997.742111390857,9822.8086397129
8743.61741336548,7509.193760543664
8406.923534453448,2221.4888482040296
8888.695449377989,526.2181251757947
5277.636095180002,8297.681285368531
2189.676613977837,6213.017399550303
2094.8131709590534,2203.0738233066972
956.0528625179754,5386.677667252559
730.4214893418437,7117.833925546174
8608.329048259544,8454.818808417944
4932.021155553236,1120.460221681212
4150.9412312514005,4698.313768458873
6988.380654898915,8691.110783947895
4100.3726973152925,318.5002290316119
1454.871110922843,8746.633304360566
2687.1053259154896,9559.931555965362
2851.4118369515886,8881.682710380997
334.36038239596513,6175.137245373275
8995.219099377256,6117.611510962716
2606.7694041714917,9422.609271028356
5175.701683787217,8414.468969863383
5042.422033270495,5795.324982719925
1565.114333845118,8816.978558526345
5387.82155694837,1046.0793291448679
8983.951736319967,8669.762272744032
9178.321976122428,3335.12490794869
5307.474437120931,2779.710840751326
2027.0574010086762,9240.735158749878
5800.966323014745,2113.904819484286
227.07121085853265,5523.13186767088
1352.3525157832316,4598.573678817056
5572.346866807056,1499.7971397207177
2806.5797348214637,5930.437124731078
591.6813897125472,2176.712059231348
6178.970426532,9037.14770004426
5542.287348618577,6379.445776180544
2249.311259587713,6838.475286004321
7837.197613550701,4121.049807043228
2257.586489408396,1148.8469807131341
9836.965055846938,6475.637862648432
3248.9604208531277,8391.074363897165
1909.7739812281754,1869.0172566051665
3075.3184681354396,77.72348238047955
5768.499549173489,3081.9662677257775
8167.569846843023,3474.5592583844054
3477.5990950238956,1286.292279492084
3301.6474232791124,4762.7714222996665
2662.2102798244628,8847.40803054465
2221.781979466747,2386.170009319446
8345.65800811727,9321.244442472691
8820.617093144114,1354.6354960637452
6169.520072416805,292.8217168807656
4522.154092710229,3750.246756937782
7760.130797748968,3667.5191989513423
5310.093419676001,6113.862847932239
8142.2136619719295,8643.073012107929
4745.363764125753,861.3119985560946
5574.911559371622,4416.500502153369
3945.4567167380374,3551.048226735759
4604.070480648772,4353.294134318916
5827.332722551742,6621.971382703456
9993.917660742069,1041.2156407986695
1413.1792305423396,2048.6684085246543
3431.888025146831,3593.4294978956027
533.0886590584983,6945.508349920392
3332.9623216884675,8717.40078887474
8347.93293071475,3655.936295532901
1751.9225795491777,7806.462210193161
6383.337095927276,1671.1447614680862
7936.4056850573825,610.1004855226644
139.39574158986835,557.9040088988196
9834.037429276104,9790.870000433471
5217.4777340056335,8441.611557397335
1795.8721316162919,9630.849711922121
4670.181920176317,1544.892813219988
6277.081409403277,1076.398698997284
6194.288214661232,3134.4142442295597
9758.052357296127,57.336316189579016
7376.773870353474,4696.3735408467155
6049.247606656226,4007.1782422181213
9422.445997187535,5307.664751010098
5026.93834598461,6946.553962613633
2839.588450968228,7057.099221854113
1922.2776273114473,5275.380200641828
6242.481361479652,3930.511206527064
8948.234960495685,5783.813569305709
5754.972009173082,6144.661923949056
6829.872242031535,1322.1285830975594
9189.162011333814,1440.5740820868718
6004.952151602802,2071.3972784603875
4747.587601711435,601.4258453102627
8816.288227573885,6178.377365688573
8155.128038166456,5481.1557593477955
1679.0447727507697,7272.628443569976
9451.767297496825,2123.8884876929187
4551.063839202795,6612.955851949307
327.6436409390493,1822.8987699677446
3195.775065666885,7906.708278924135
1469.0006560026513,2935.506193701708
1868.4634527050548,2112.606851083364
426.268146272073,1127.2417882695772
6738.936545912598,715.6100955097954
7782.113843245948,4176.815646125512
3776.47150833223,3656.670421844662
6946.140206161423,465.9173597011912
2358.4814036447665,1406.3450240131226
6770.693651340778,5591.957531857903
3105.007091102161,8948.380006383897
7165.929373388796,2724.82752789318
8815.354474204636,1500.4766135786795
4433.679459439079,5911.161168268295
9146.040585904393,4738.446999469291
1637.2407551490242,9304.129833039042
7938.481428608237,2454.4777494250193
1867.557277498385,4970.399067504618
2129.770626411178,91.46086299852251
6833.8022088787,998.9537286276151
6737.497745064765,3225.4077499846867
8187.799401378296,1841.7783426708002
7211.74000332856,8386.095352383303
3971.0117888395403,9199.621065934642
6239.512390186636,9426.905637965701
4783.32611569719,7586.114667988997
8986.223204349259,7578.914025795202
7857.059849689202,3962.82945561269
3361.725396855442,2238.993328821042
7034.925639729499,5169.982589964665
2817.402326779127,1350.0779307204248
3044.8866207437563,9064.93020786366
1049.7055971551206,6368.229353344222
6935.066039129059,4426.523125017696
1713.880654138805,1103.5503378004573
2641.6129560268496,4025.982366418025
3616.3392333025668,1824.738908517025
1936.5441345782542,7.689108342573414
9856.708666758292,5508.134878601345
2141.4053722090252,239.16315518822117
4482.929974481434,2679.67102822151
1577.125313436376,7973.800855656336
6676.2342854737735,4825.095821236791
1974.703555793217,9548.350411588077
4265.455161560794,5965.406819236752
326.57780027350424,5570.034697499133
2771.254293004075,4611.969603877965
683.5677375425553,6312.027053181894
9618.085380989263,2273.217444986161
3611.627126501231,8515.323778992488
3111.644872289093,1024.7168648139805
121.74883445203011,6899.52481498526
411.31074726145414,2152.6187805068284
2366.931737614887,8261.965448758796
2027.2726032207333,3374.411455998091
5556.71491889466,6387.442174030333
9466.11193667361,7294.876143582186
2832.478564217723,7405.852378312259
1709.8301115244153,6558.904621116347
9342.84589280939,6548.933631874495
5313.395892728016,7053.37670873557
4673.811612133401,1876.965467671785
4489.819883986504,5215.067514484367
593.5828120887843,6389.823203060496
2450.178197804749,5931.852355797905
1851.141861949952,9995.54128508138
3409.86279721292,4790.200334195015
3039.5794355278626,9675.672086110277
7591.788765714336,63.969860540290526
8784.143609191544,9721.614589393264
4646.493167119612,8699.669454341032
2595.6692510301905,3886.1651697501097
7875.140483087014,2052.304496015256
4877.93618110193,5651.684299989
6174.380276181803,8935.879588498892
2414.8094868357794,5718.1193334019
1416.6833214128437,8670.64959463927
2685.8493526136294,2208.9204546136566
9615.479033932506,9591.345380488556
84.46094119787695,564.0786833582367
9981.440690320951,6411.661599027818
8869.290895436245,4753.736421356411
1717.2292844545811,9889.367925363142
9021.206590232645,3504.952131012534
8618.319513727269,2661.8454341107113
8033.370913939977,5635.514490059248
4128.69650991367,9487.889896198729
953.393670470284,5894.488080754551
2474.7065601988747,7425.476213709883
4761.395804744248,9071.406145072384
7598.215920162698,8187.497909737484
678.4926195477259,986.0770509368655
5666.574795645495,7257.445168586441
7426.7222223572435,7762.809174485454
3551.427963980244,878.1557953064945
1246.481041521662,4334.579110075425
2554.9713461982014,8097.340171394457
2245.1961511957043,1235.592386309693
8840.706380312567,9208.635565738623
7714.798721732488,2080.835680981189
7856.107239557389,8214.546693279448
4538.657953411679,5368.8012447529045
2526.4164815439017,6959.435475894392
1840.4276295395505,6369.89774279626
9525.775594823612,5451.834103313382
7320.643197468379,4034.9504958014104
7238.304653733712,5143.540668874894
8515.846937235945,2083.8435282285373
376.96510057086743,1926.9670371121672
8497.152467612948,5432.4555468525095
4952.48868541114,5789.215056312904
1500.5089068755128,9827.02647461696
5989.430838076754,9265.240946852642
5863.6194121158105,798.8762218635537
205.6963457184391,1791.864850963991
9391.140462978707,2462.4116579154497
5567.224137940831,2123.8278008407583
2308.6289975239824,2643.5406279342046
7769.1889112735225,894.1098228504585
910.1804008624048,3028.834655224111
9879.931866061946,1681.134551389424
1403.793046890579,5138.747639366035
3269.068911853098,6929.019836821152
7946.102346988224,43.82065569640936
5559.090994321778,9131.829301926653
1481.9397461008432,3763.265269640208
6605.828248514108,9396.839691316165
3035.986795691125,3313.459909337184
8519.867801727269,6217.079707356441
9985.197768376334,3917.84767086247
9807.811933232315,1958.3378890127933
4261.119338027197,5669.30814462456
5089.126450051967,1174.2168860883328
78.7479011896186,3939.808783779775
7903.846879753639,842.9709462354363
2176.1829512227514,5675.288950159195
41.56823848986302,3865.2615164903136
3169.3325751074917,7540.649708424121
4677.234407752928,1902.0524378154403
8762.838396449986,32.81014443299091
2574.062609019022,4649.880017593537
1086.8592433315516,5443.5009054400925
8215.778080227192,5657.6708663359295
3791.413079296001,7562.1686609460085
9342.457262431415,9041.012564492874
5809.486876347486,5042.447832295061
9879.695706146586,1018.7789482141219
2385.2097330659994,8837.444474833268
6336.54062348453,5106.223654342396
3676.991962826839,5130.783930753312
3133.859927179203,5595.877094251717
7383.878708585959,5539.154889190088
6607.386156255901,3846.0657131554167
1083.7748293681848,3638.9180787984874
8582.230952472659,3872.390844992658
7883.903709963072,8922.068161145411
6595.841286789626,5598.3105660848
8699.80487258654,9629.691042989356
975.5663448160856,8105.5857849497515
1019.9680124058852,6648.796399534162
6553.281483461644,5953.46659525351
7578.715499466574,3679.3437912448335
5343.342130409913,9675.854996597049
8064.615195621945,1554.1376793545357
7343.769532883437,7674.734177744748
9081.667615195254,8823.683755146507
9651.7266396647,818.0978157027852
3395.429787240841,677.8963351959167
7483.847527886553,2885.856120296406
5928.602349327305,989.7585697329647
3411.773036934452,2263.744723394306
5467.327092816247,8561.640230055094
9781.248180436518,6934.462328098212
8746.259992140544,8717.906688210063
5983.844243245776,6327.896940672448
6897.750412932707,5705.396944500299
527.3046523460945,8851.988402296445
8144.239952016021,1360.0503916504958
2363.918890377059,221.51443102458535
3600.5323960324245,3413.4957904944663
6660.946720123178,6213.645431761958
4439.174808272469,459.1497992767468
877.4076278505094,6442.47333265803
9901.180101211114,6890.151733908931
6994.682189076663,8039.441275810207
9888.323401817817,4394.574760344876
2842.4785981040477,5950.616879732328
7007.959313505904,7145.011912762581
4535.060373677237,7626.952337215206
1326.2976995111098,5737.105463338139
1277.5460874316934,7974.263368355664
1749.8179264488456,1521.1219119163866
8339.11909247814,4138.543996508205
7655.287367512677,1584.7445209896428
6895.219271600822,241.63009056195617
8029.74552143048,1039.5807218523512
2400.33781927111,2689.5809211203305
1509.0150385822676,114.35481749767607
2661.6679905011997,783.4986325345527
3119.885688370111,5843.5001931651905
4892.386710371689,2769.4883947373073
2050.6312142311313,2050.7854216303745
7217.782964261605,8136.577155016022
7847.691939575963,8765.660081198856
8704.093450851089,8600.572688415106
8742.869788245673,7737.275056351488
6352.953028665228,2556.2090796325056
5655.042931999841,5419.47720868823
9432.434266527822,220.80737107635585
7730.158631759407,7117.141917350322
4829.045183930798,4993.276891917647
9568.530049218742,4228.752064752192
4360.030332444472,7388.228502596744
9249.10439092306,539.8539569877614
646.1755634424903,9687.781350734613
1438.9362364905778,2987.5185626519296
7174.921681772301,3675.5513097240055
4841.767263829525,8666.903571710833
5157.9394225442475,3132.8604828100247
9344.628477637452,855.3082195377382
7397.399772487587,9290.74409370466
9788.414352497795,7237.541375904535
9961.186208741261,8061.575803771002
4991.001020934911,9972.223415216022
257.5584966684885,6563.113195092766
4743.924014769071,592.3129718282094
4398.569507510185,8728.79616005907
6897.946107608155,6547.581293807213
8617.29476360292,4131.869921371574
9772.588539864368,3914.014070116305
2712.0211245640844,8877.028863983931
3544.929177415227,3370.4812107729285
6411.2579500253405,8187.027847489459
3798.488049648241,6734.416991671968
6054.353395802783,9547.50524293816
5990.57343299408,5465.012092819114
4654.381112395678,5235.601029913961
9207.266781260672,2109.960297678506
381.85785021950693,1886.598781708848
2827.5127906826524,459.1157756801212
8242.858160416465,9739.887422807615
4317.558987707113,5402.675531905149
7968.576693386651,6614.934262821626
5222.323556347176,2957.050604998115
8065.424697058083,8781.994102690573
4326.222321029778,2033.6179222115159
1137.4725754913916,8806.074671230504
7171.119877843646,5315.340153313782
5196.574619235273,3871.497823843121
6578.818500398851,3152.1987956019316
432.5412284245045,774.7386365990939
8899.819072914119,5131.060578224217
2963.8158705587193,9178.881197899316
1709.2239140186261,9440.937545503377
1302.5731549768338,2139.2985740781446
8495.048306427216,9906.093765927684
44.29897843634567,3457.0217078130117
9981.339981023022,3402.137950053191
832.5879278447557,5861.954601635051
1721.1083405113648,5421.938906863615
5026.925502281303,5515.086680002299
6426.018872462869,7665.399725671225
6446.108598687225,9824.160767265206
471.4528476736712,6977.45185064288
2497.7443323435446,7032.92874554104
6161.164949373843,1217.979115538187
6089.765129265705,1676.9319423317208
763.8532403770504,7627.139477656061
1126.0031482567344,5448.950664554586
4562.565664398904,2278.2157885920974
6274.609501614415,5203.400550899141
3597.8635250056823,4034.3555782523676
1528.6677508818757,7717.351227698467
1756.4732051119613,5405.847820200409
2371.020478595126,1828.8705005824024
2069.3704787236234,1634.0012073814403
6458.753704422969,5140.806081054725
1075.1542690777082,6555.703081204337
5449.640187781351,9944.144517954946
9772.259692277636,159.46846689628313
2204.3193404993667,8345.854681012266
8778.063563815873,2679.1076076845698
7528.095214829172,6371.590653742919
9785.692631199421,2645.06902045747
4004.2688189299593,8055.277339134332
678.1255344864068,7539.586234764707
2024.8434581703223,9642.201722645612
2670.2428512177735,500.61980190021285
1624.1609584179218,1421.1039384204937
6525.885297259051,8471.995169802165
717.5634073198312,1011.0556934296566
6045.334305706064,6875.650748462071
7440.13966556517,7893.147535847761
6326.952474838835,621.4537840800815
4885.081383698033,1947.0430912529234
8037.596369824009,5164.4348060145185
1478.3451022766346,9960.926202155273
8934.560352179571,1019.2930966843384
2103.397841574436,1583.8786697917983
306.08504078892264,1784.971395945838
1982.6868128353049,5894.490063320686
3858.0069393774274,1402.2791795197497
298.1115090647446,8225.044394644696
9028.669977564763,3206.30816101891
7863.982436465645,7889.03746874323
8057.842142112577,5688.9063331605275
3399.6429867770007,4332.661698660587
31.167419323158143,8788.933590477853
6607.450338065865,4434.327770364747
9879.45655358594,6672.227340638125
2555.751681771029,1256.5883825207814
7409.45853097355,9423.946961100211
4085.1035870352102,4770.802499383947
9365.791062861934,1075.4205910063142
2949.577297995848,126.79466000391048
195.36318686918963,2739.3452894549864
2957.6196968024915,8239.749355653077
6594.149331140499,6647.930974750705
2266.056511594541,8837.662926122006
1792.203708681368,9331.7525966072
965.260158691158,9224.996553995561
4085.0796982345296,6827.739653671624
9437.937024414212,3147.0571462091857
387.91840063503446,3706.507506392024
6782.480305215373,443.30850196825367
5489.074694353901,6079.409906396475
4489.503305842582,1915.6599264383178
7646.350965809391,2463.8365665575147
1324.2001023739836,2512.1245826233694
586.3353897781309,2768.1383676676787
7686.448143778256,3057.8651988844886
4724.568233552162,5628.5338812216505
6252.621293386361,6447.339950157581
6777.445495651844,351.8731215856041
8962.021976486027,5258.423349117015
7400.437017658511,8579.284361995688
5918.094520896931,2269.5608907249975
9840.298338346503,1701.9210408808594
357.2753914615967,3719.879878229867
9325.071424868338,4233.693327679492
8290.483414256658,7420.5356081752725
3837.1140883882435,6549.723171360042
7658.235745846536,381.6463296054973
2701.612832407172,5355.552236145012
1870.8341237423188,546.4867823104958
9802.210306944218,2824.4356168037234
1675.3297949105029,7650.3184904205655
5270.734700978551,9430.546568829326
3459.326559487287,7568.211252938331
1749.8277168912568,348.29001685926954
5995.33133192079,7078.978905367557
5284.06926163964,1224.561253327635
6441.490114332178,6791.145820533473
9296.972236077381,712.5132054766781
2448.124966834655,7977.324288853025
9149.421421956953,1113.509999210147
3069.151604875542,33.36885449200522
9423.835020891886,964.8219828521953
4124.377232286949,8153.275883569076
1281.7997573649254,5952.599318661605
8352.968472762324,6971.312016857188
5351.382476172734,976.5511478864486
1352.2774808513261,4829.392297948491
1083.1653115741535,2889.0026810422864
9404.855399231468,340.6602085350663
4845.3045370706905,902.2331048466514
2983.312053615168,9311.84948455265
933.3665886701925,35.26512923874736
6011.314691901391,3099.744730230767
478.64573392223497,6399.421700871298
7818.413115157976,5290.143166896752
2236.229767403536,863.1607559818555
5971.444427893341,9567.573390320202
4547.868704772252,4266.778058810543
7742.881219078987,4532.8373817374
9138.859688121187,2999.501681024883
1422.2896853515942,9378.65567758132
2463.453629956943,4414.605499552018
3909.400195831938,6086.88914059984
772.8536053875556,1457.9360891017445
155.3628305087973,5466.261869234939
6278.117752595127,3792.4599614797294
3844.314024645018,2865.730086534549
9559.30805270336,9969.85114117681
6176.409555053041,4733.651248324798
9423.878431140536,6920.875971715139
9360.156055148316,8628.07364064934
5696.880217932737,519.6281835750138
9725.341523654863,8230.098943428793
7053.984395798374,9120.184159005456
6452.439412968853,6080.813472406885
7911.96369772677,3355.8595599740415
5358.188787414218,6639.497443415725
9620.49754153,5374.310555970041
7084.327717772101,4606.864933470913
3618.2150456544805,6408.9759303957
6951.293826418871,793.5574594265993
9782.013354204184,3097.2687126949672
9298.269519613914,6670.240275083556
3891.886671780187,5137.859420664654
404.38380420204976,4440.800919146428
9372.283768283565,9892.437258349437
1619.4756877873517,7461.111722969521
2921.7811798316106,2197.5718164248324
5089.260703728372,11.020895440271294
9915.331937650955,3990.01909220418
9212.732488461697,353.47494049236207
3568.662215698414,3250.243783709489
834.1984052476959,6595.715564659939
7427.0745162307885,6038.0198640184635
1541.363166435601,5179.594788508353
3411.292060490373,248.67010476917085
7019.734811017329,9755.12309019434
4465.224423880842,8078.895361550653
8904.89746199291,5996.931972252506
8813.11937539773,3841.3107681344472
3012.3225458483325,1778.8456954637932
2259.074193193984,8730.482460021298
9311.368293630476,5455.899506595141
9022.353223538283,6310.442213874666
990.2052363572011,4231.894296994608
1778.0016207446547,1585.8540213208194
4096.007942229089,4596.185431679679
3886.8935916336254,7206.825391984178
1837.024507097066,4996.861406534805
2410.813912087715,6309.635563000189
1299.7654504660284,3815.7589387449807
3428.0898276091175,1478.2376285123055
4212.4254199555635,2345.118070000094
5564.351443958463,3961.6524101766495
727.1993644633845,5978.142324121811
4714.071366918634,5141.635657418219
4014.044415615131,2631.9978912721576
568.800626912227,2071.6707868410467
6785.310549538277,6576.417926026291
6041.081395363081,4392.359522215559
9694.930978427536,6916.143501650753
3016.4077465246255,6501.3613699170755
1871.9595186137872,6232.499162394467
4313.267352298544,2458.513556954931
9715.580866366485,1033.400950861969
9894.542141206384,8392.369927796433
3620.603003264989,6859.782614136624
1932.7210950938768,6688.3730290151625
9780.52829401874,5.710444670079529
9624.566233570182,1976.7332777236268
8320.482878239387,9164.283494315472
5296.2182013462425,7726.100881616256
3908.4987847930897,9965.230599814819
4013.3347832482236,1252.9457816256472
5072.359551478228,8858.027313670267
7047.925672449888,7719.65469062743
2509.280577917263,6204.21973695039
7026.3138383339365,6577.9110020503795
6813.989249003336,6486.529116337112
6393.451683802471,866.7876400021823
3844.59406261203,7474.158621425082
3229.9540526867067,6228.978160348015
2275.2557565636766,5865.512464717004
1885.0666357426671,2804.359646227016
9802.036907916352,4605.762540555961
3838.915489146758,411.89163850807506
2941.4987524898715,797.3518307531502
234.0385584345084,4633.656681599056
9690.773963307145,4315.413224989982
5728.894587994424,6529.13176859194
183.88576253879575,4417.569099011268
7420.6332054747645,4343.903995213643
4340.377113640364,6431.459628639279
1078.5990764017906,1441.4533296200982
5822.774958177967,1349.061278199437
5092.208584668003,5348.479349981835
4491.557558319456,2452.4829159303563
5868.454058750413,3442.8734803768943
94.0266414215618,980.4441954790666
4312.238734845304,6909.473107416099
7563.4479264586,2581.904271249156
1709.312185936822,1094.4227187795796
3616.191128910595,3354.2947120815816
4717.55360507713,7543.687665912372
6302.719332081965,7627.789403713307
1388.1854744592824,8067.89902664865
9986.45393704131,4951.272558093517
7496.56426854875,8510.211638465318
1277.272367328539,4964.372635411377
6617.068396421185,1344.2976805243145
7640.104747535544,2262.630842323491
476.18084062694635,2902.207723236857
5764.781362591397,244.1968626400326
6684.173687227391,6767.673897697302
7350.931447895688,8184.512492056042
2646.5579354573874,4075.156680332348
6403.447612504609,4806.1382565928325
3186.6738940038163,3226.8126892766213
4711.88207601866,3627.048224524858
6262.045097752057,5553.237437451134
9507.5101038524,3481.1108662552215
9995.407754842123,5540.071259793705
1444.176084325508,1710.0831676349214
3552.0505954584737,1560.465647250676
5232.827040933694,8513.693353635319
886.9309673585878,3547.3183988537858
5922.106843829783,8006.978200664835
2417.5678724024606,850.9893503389476
6596.06166587671,6666.706070239172
2587.254149150393,7657.3323921908195
2429.894511315939,9648.792280698879
2962.655627552475,7402.256028562807
797.1343752909321,9232.024522910411
4529.097814411486,5278.130256534488
2354.521622835152,5503.453726665157
7243.620014541281,8704.393622618716
6744.591554342602,3285.9094256052304
8482.61081750154,4742.185880675418
3266.695461099803,1908.1706376315776
4485.512568131096,6081.711696707578
4968.091435870332,4382.736034260138
8653.636730321492,5659.077228621048
690.7231328557373,5354.87375671475
2204.9975379253074,2107.4537026076514
2747.0839464053875,3508.430464499848
5084.880661332957,2038.023489977203
8693.431995051742,4581.4481889405415
3590.791506546871,9246.465739285977
7836.751384754241,3316.3565772816837
4116.916293120619,7675.76893423653
6592.268443685019,6691.23096042025
7598.474462067355,133.62395473661027
1594.0207731674404,1950.3560223693594
8086.5992803215495,6510.079047215507
8259.290102479605,2743.6734763225145
7650.492837924758,6438.719130311891
1668.2837363653991,2583.2109652857284
6375.380786115164,1197.8620035194065
1570.9512480720755,6615.395126979352
8933.56460580722,6120.996964154429
7136.835419754698,6089.8141871223825
9521.655725885972,3170.511126846485
9736.532105914559,9093.577394651336
9602.063503197149,1614.2868460900052
1497.3255873774515,9869.362495092606
8626.758470841558,2982.6293962342043
9571.999486175486,4663.466662319399
9970.256746116878,4730.1051415105285
6027.7110756957,8842.994922670847
7887.5073906361,900.0474169791173
9535.25630536443,3403.0154620790054
4960.59856351401,3768.042789851842
7734.8953958684215,3145.5722269133767
4105.408795913885,4885.368059175359
780.1612808400249,7352.101684433696
5158.260139042013,7597.6026097388885
1586.5222888973174,3103.612234458948
5137.188161743988,3504.919704633629
6917.820932023212,5828.554401736764
5938.52170496904,2408.84061855694
9666.311393170345,240.30262736423947
3149.335369048519,1253.5335069246166
5324.100400745786,7026.01472456806
4403.845485638997,5419.063346701395
36.84878698747895,9237.921538445744
9044.34329413169,2550.5847480481502
2941.984396694205,7941.945871761832
4873.794515826695,8396.508327872523
3181.1857000532327,2218.0703927131385
6387.023970898414,6533.284830777541
3603.51798713715,2931.9027826673196
5831.772795150398,2430.7259453379816
3007.1010639020847,1517.2675874525632
5300.7369945119635,2932.651880577284
1984.2737641418219,3801.894485413225
8030.500886114165,7589.642690875451
9320.53308633962,3928.5845908695073
9755.30820333427,1214.5417049052587
3342.963688712226,9348.598350093784
8981.280289180804,6431.06431502018
7127.144203139062,4495.412418009931
8294.374812304632,2729.5905351859383
5930.472915561879,6698.118441846972
2293.8059578844895,8110.798356259665
1937.3203761375091,6055.571802961992
8101.9437555016175,6823.607066808854
4018.5677625563744,7662.538907099573
907.7556210403792,4227.724048093392
133.04127163135226,7124.532585401471
2232.3281137453023,9449.619313696076
4769.9246046348635,6374.272484304436
9469.288978320481,5091.752416568331
8655.423818979722,4525.1376224682845
1622.4718805851946,2276.541767777207
2608.211072742038,4114.706554209705
362.4188787492921,7659.864221154737
1617.2008869161548,9553.178705388375
4142.501225833359,3801.908442539452
2577.6526177654346,2848.1164342465813
7292.32048522879,4381.1897582606525
1187.6892191811971,1577.8825714602108
1220.4305253291236,5139.013905075401
7466.909723220568,3425.9481798703105
4276.779336658405,5137.579492654441
5162.941660723309,6965.612574728416
3156.8758467380776,5948.589892530988
5060.194995933061,4439.609415603369
2361.2767910738376,6255.251577307225
941.6744887546979,9761.283371342672
6304.891587307695,7936.290937697542
1605.2285872160899,7698.877640230407
7852.07984324139,115.28639490467563
2287.027412322087,3846.539571446398
305.79142583311403,5306.410161252423
4293.753564011632,7766.39493605643
1439.1702124406802,9075.705847533809
2329.667385289702,64.21274246973918
9159.760008902895,9868.918205404017
8228.01957091231,8684.499171944795
1652.1161672556195,5023.66596287757
1489.761578873534,902.2846128407947
6028.482222847764,8136.6466052442065
6064.157501767968,2734.343974367861
1227.0575542207785,5159.353579125889
3588.9172649500824,6241.108372689029
5161.052783294058,9401.122583224816
3343.0640536818546,5045.009537704263
9135.461338820951,153.6949604323612
451.8043362817248,4571.6975785386185
4551.286185822927,4962.906318308776
9151.092905270003,4909.417788967408
5769.418647344918,1184.8176077635908
3463.1693318110324,7182.912668437651
5312.2685399449765,6930.884392739594
5670.38199210753,5762.583783845682
6954.606120927994,4100.040470841859
4215.109472093019,6274.288362716053
2489.310714651457,6179.501366409863
4474.977929374505,8267.834937697593
5806.996587147517,3500.59984622671
1939.23598743721,872.8453817420024
3872.26724038486,5342.747522479054
4757.823094985154,7261.921800840531
3883.4642065537328,5934.031411540014
5621.937622754908,3199.352348906467
3247.3574087986167,5163.734789785161
5778.30152633848,7327.794784082379
9611.772563932385,3780.3852806339833
7968.265952165559,6925.923203114408
5322.961450646121,307.18261842246574
8635.919653322675,7023.2955446025535
3481.5764684756878,8539.308151945477
5317.8814504384745,206.4488597161962
7301.365261514873,2364.20212625328
8129.206324432754,8168.81464064689
8142.09607974789,1277.9624923831966
3719.6483925588755,1538.4469517497723
1592.3648986327898,53.00023141814769
8619.354013432136,7381.252189479004
4343.592300702238,983.0222218023898
5349.130812522472,8988.188124997665
6809.355503148568,2996.3350275081193
6766.380895446148,3609.270587876955
3531.9253717964984,7689.418311253306
1484.1180542201305,9452.178868768582
7828.352027078331,6010.2425777830695
9850.1290979945,3456.1701558659674
6189.589561476403,9236.350359312117
2417.076456291155,3459.00252095231
587.4077158419866,1672.046719675886
5219.831543061653,9985.573082261659
5969.689197767754,7503.132472042231
4743.503946633809,404.4096394032626
8532.523751836474,8902.702878423841
1904.3032791000658,9221.474093061039
4804.845051615688,3086.4546283835625
4364.103010402291,7537.971949613522
9320.129113686226,955.9608956504673
9908.49561658574,918.0967992406408
3224.184350226363,4588.99045624815
5264.356279055294,7854.087569655495
6216.876433852847,1612.8855266397834
7804.8898671850675,2387.1345435103585
2947.4957661306867,7664.3096098961705
9748.532959642655,3739.6030462300478
2275.7857757879165,6372.615107721395
149.550161887384,7643.044697046942
1688.1616803264565,4951.1318421610695
1169.4443220140072,3767.7373039677677
6527.760328488682,7700.712066215458
8596.561361446431,4012.0114184353806
950.9468329639448,9779.859321811757
691.7455551472984,7551.7997418173145
112.05631672479677,9896.25450704655
8369.066120646004,4923.21209007427
5587.420661605655,1124.1296268759716
7968.440445311321,8830.879971704728
3000.6180160412155,3529.682576730521
5993.25988168556,7229.971541578612
6159.690548939139,1756.428474402415
8430.549873351196,2419.7130325183116
3806.6039134831076,8585.119918981447
2445.0796165291144,6952.125878824356
3719.813827015449,2127.6562749896952
8112.872004898118,8082.177113136033
2933.5275015869224,2403.704979306398
4240.676348583259,9064.72480061367
5747.047660631899,9330.482891099748
3426.448858785441,9005.798001160596
4869.549782023889,914.7391844466213
1516.1378320255303,43.69279451180375
6279.591391996491,226.225179955295
8987.07008594412,839.932450825337
40.253307676277885,6081.624680554511
4464.506628759811,667.615073689981
9695.599374529966,6867.47418139055
2351.1260445554603,7291.599901102537
3207.399566697087,8358.892242149579
4826.9954101849935,5237.44357809357
4886.451223343383,6500.748698605835
6042.608923723824,7712.585320696822
4791.519245087999,1444.4339850040776
7806.624783576835,1338.9124829573661
5198.819496274738,1082.6979133567716
1455.3478248679296,1654.3323000556663
7039.15763202014,3592.0402090042235
5415.489712216391,7727.647061184279
9378.772543284967,6146.93311476216
8670.934021897856,7028.389128409011
7809.328605713506,5956.0926190264
9247.536769786657,9022.687253465057
1401.3822536197506,599.6983682535506
2762.5109760577684,7622.290488254485
5829.3162415797005,967.7870402105415
3644.3133671392325,969.1376285203268
2227.6919069126343,8794.150667500657
3965.0047796553768,325.3842841778587
3749.6129062754267,8654.838036421159
4299.71914100154,4350.511191644103
6960.538366232845,8814.261893255252
8537.018297602526,2615.0829426389755
1719.8150160245063,9716.844843776182
8866.999001319555,8592.944170571358
3829.7317182647907,4716.657942194243
5284.847084100625,8540.357372209266
5302.57608508729,4672.599133940701
2346.7688217893356,3495.027117332522
2382.7895441084124,6120.364011076196
3976.328537724909,4058.323207193498
3391.3262218698637,9691.70281098147
225.00551195330232,279.5871544045192
4864.152246115254,3304.5293959261303
7448.2631659162,4449.545649006852
1278.4765287510158,2010.9552126133633
6115.1722621340095,6705.576445405791
6899.673534241189,7124.088759587979
3037.200742044199,217.7146256872775
1265.9329527018526,833.2308539665489
9814.625900834802,9516.571761467987
869.5679582130367,6483.118948062256
4477.6945840933095,7232.097241607133
5977.97328017401,8413.393620464758
9302.16682991341,6047.107805153571
9539.939612057791,5347.7297910238285
8812.296259271545,7673.112786467884
5440.100928547215,5134.469068890235
2475.6357942252216,7337.553121581067
4403.568503660461,868.307254026237
2940.885195207357,7498.274477096911
8883.646769085351,621.0097234806356
4088.9060938607313,2726.0097673513337
648.0753636849779,7618.313067714096
3782.6975562794587,3149.6972965344585
5939.8901532021255,820.0756032300882
8230.889466850997,9360.99831952061
3568.7842730570683,7762.465695193827
6524.971822731975,9856.41742703126
1908.5656745192714,8157.423894330881
7204.131590583745,4371.0667786513095
8371.680435803828,6982.8570222476565
5922.301631383287,531.3653783165529
474.30301838004675,5563.645207305593
249.75080538187865,7014.07166240539
720.0924901631212,3933.149423800678
9783.772171333598,7609.36858384714
7497.8463946673855,1041.011493965409
8323.727181762697,3609.8509936227165
990.7180535367444,9962.283669972621
3058.0604342775764,8153.277751066999
5707.632783383528,6115.938441115949
178.67493569018066,5406.494293475508
9844.692221868923,7970.155363172532
4187.3845027717525,6911.988365420064
8058.489170986316,6930.501936738516
7922.80543840784,3355.3138773573164
6360.408752685885,6689.776146687381
79.55163129297449,1532.5607981906076
4160.7323688312,8794.396162605073
2187.796299858671,1600.091899376792
6160.566810227391,7647.838042295281
4018.003684151088,6936.190026222675
1970.6836609573131,3922.5769166055425
8582.926981915152,1847.3440945710051
1693.1002812218476,5254.162701501393
2122.2876393876045,5430.885224349648
2092.781559648994,9409.341581912126
700.9275161007611,2979.2800499694085
1104.3308632159244,8723.293017079803
8781.0916285296,8343.525574203159
3639.843941433776,1971.1213297229936
4607.88080194848,6012.383188056314
9384.983461779286,8350.665127386099
3115.08753040886,261.64305343771565
4585.938508278307,7958.41453665067
9677.534617691352,871.8495678005977
354.8332541579446,1722.67097969783
9491.7612787396,9566.952997963359
4524.569946273836,4640.532382048981
3992.8609051787057,6283.475792037714
7707.6467525956605,5249.888872484089
1338.357506272033,7252.179584259903
5487.484236018192,9789.977820525666
5329.576937326863,490.0499354605603
1899.1090142705002,2236.7838390339034
6151.092145686936,4579.841785864355
9983.646455210946,6548.511612885463
6860.3011098327115,4382.462478611697
8906.565884360469,3358.1182666614927
4126.701183965419,2070.969335375659
8956.218349537112,9914.721976847952
7381.549559002932,2163.2784607467447
144.36748742986393,8027.645560934891
9833.168059468091,5166.659742116929
7628.290913144531,3169.4968120484514
7270.907846810111,326.6643336672981
7077.569684208319,2561.3089386806987
7749.844428029109,9529.410846781842
1541.4608401211894,2850.088480985297
4072.868801056353,3476.6556353940305
7394.577537570502,3322.941100156832
2182.0609278224524,1386.7509572337467
8364.285361248207,9961.407033412634
67.30503795709053,1330.2318983303373
6677.806508622744,6278.6919674885285
6096.450567602178,2855.6970745693775
3285.5570447537407,2442.841205685471
98.98009917424288,6381.231476738971
649.9149245577352,8151.538563561578
5490.529486668133,5822.472559720111
3986.732958581557,1025.4320303907516
3382.0392374470753,8826.644496223884
5168.095899986792,8133.998963552681
3059.6547764835545,447.3745118523431
1408.5019435173508,7977.093059031339
8952.27577352837,5851.794585753287
1475.4863956490049,2255.5933168339116
7801.481343019222,8099.08633294349
2794.14000873217,8187.756631638693
1224.0979481860682,5379.32414782794
5534.687666622343,8071.089356417641
2611.7860505519675,7312.1324972170505
6513.409942669367,8924.517379969315
1412.6091524500216,5669.164164238609
1149.1324448357855,4030.3804467324812
4672.884963678422,8074.474158030585
5807.811940472121,2876.305225069924
9992.563586986274,8178.630107492022
5460.415613303004,4081.206599846903
823.0413364209444,5835.521915060424
7849.931104209836,9434.98178749935
5563.756907341628,8015.310221363704
5488.279039645624,6039.99359457029
921.7617813621348,2159.4338513222856
8150.729218391341,1535.2381702244268
9924.875371494052,5030.085014632473
869.170342970923,6695.51292127022
2785.5317684239667,3800.4827823234523
8071.9381437831535,5917.808324491714
1911.0722043738526,9493.413470601537
6025.934772620837,4021.494202320934
1273.7345224653673,5201.848420156561
3126.2201011389643,5992.284360492611
4058.947479193268,1864.0091438960694
7038.402854361928,6892.807221471594
4627.842766555645,1506.5806573467155
9329.256371353376,792.8884435973538
1389.2150634062416,683.0890817094614
5620.547425426386,5187.474491201856
2675.7850355807877,2355.114569599127
2398.8083090030054,5399.332748851645
1813.4015040510376,4629.57236247261
6693.68842688821,5206.477318686577
5646.826249490016,9824.937940164411
5636.549610450752,1617.8113855998288
6739.741137712124,1905.037676381065
110.61036264837676,5987.58311776056
9560.548168539404,7574.412170729948
5581.049221283089,7267.493007584495
2870.0567324251624,6663.431997384512
6019.792912011626,8783.464420370947
7729.642582786613,9627.583492363889
3981.6992031835853,1491.3712760672115
3449.7405607189726,8375.004759317846
7928.464731062816,7340.399901763068
8761.883112528285,4877.601400087165
1403.0006532704908,5650.457642880894
56.081328656863995,6532.55550668711
8789.649688429354,209.66084678990083
962.1494771630723,7134.031760086557
2546.2976735929433,4100.5557562897275
9097.502663698162,9324.662920705392
2457.117963338601,102.3181463144629
8831.881577550239,9523.833154022923
1751.666767914546,6727.9530163435375
8769.467086543007,6558.172274322991
3418.1037311240902,6752.357109716648
8989.693263979496,6156.949504994337
6229.2275904299,7602.070335393184
7096.179902580571,2331.8436174970725
582.5739220308512,2863.731758480568
7741.5547243802175,10.211643969795237
7149.879099106192,7731.982897242754
126.92249546478185,2858.2869688368073
4367.0718234182705,2140.1097564886873
7662.762181789892,2546.205467860749
1072.3965607038167,4062.1863842975868
4112.103895060115,9393.869138359749
8402.124444989244,9975.13309691898
7752.700949834869,3788.7153502775805
1569.3799587798985,8541.67663488854
9866.79103603181,6669.46918087946
2145.940555681449,3510.0688267068736
7660.770799498454,2172.224926442604
9847.560394255206,1915.2553914208881
9564.367562771755,2604.503360813719
1024.6539088624972,7035.274946099814
1415.3936337908278,2704.447612952676
6914.270652187093,6515.503073602255
6803.968122328785,4496.219210940566
6005.554264082691,2429.719072677274
7725.033887205754,4686.153589789812
8258.532358062335,4739.054526697152
9436.108649508806,6323.457377321515
3844.7344125456793,6111.936394430308
6793.4055953857705,9874.119866424404
9285.649804372108,8961.524356555867
984.0769175754549,8759.573591016533
5424.901336708863,4428.82103499938
8605.867635192157,6246.408114750447
4801.634783690824,5534.5862806321165
701.4226695043968,1696.6446164292736
8735.313927160827,3705.110135114391
1788.7541894860658,4231.968200742986
6561.051392672123,1605.8669186127627
4540.217854471146,8615.42949266046
5735.0215137304285,7171.904325422646
8637.192248109248,58.96877136556289
3476.6633219995338,9620.723341865292
3741.226704607218,7501.754110572564
5024.955222614841,669.5354577601797
7322.374763066783,5197.230120000006
2426.1641747123385,4942.103685884913
3052.846829691733,7288.9919503117735
6826.544566140908,3855.9011190586525
2087.824671715481,2275.47671532777
2139.94708440568,107.75558042754207
5594.521461875625,1447.6559478640704
2209.372091566283,3273.506196321342
4313.423876156375,1838.0834921528
3336.7694288667526,2495.9985206048873
6178.361193450524,5451.398260621255
6822.128989902242,129.11675889725748
7945.110742844874,9283.944651207265
6737.753201694134,5801.616401952975
1915.5133003116875,7084.502644695732
4318.096906467862,1846.5624406221914
7892.397677848005,2399.766682900936
6590.38735888466,7185.117024935486
3627.5841142486674,3690.205449870616
9988.787379417652,3893.405310598519
6582.993385560889,4516.430027109587
612.1028866197564,2660.3806851832856
3782.433830311017,7130.652382977421
6328.618153505134,6974.052707157431
9945.977506332598,5011.029448722676
7902.031116551679,9385.6700601191
8295.061599910441,6119.0440976293185
1874.2932387480914,3478.9557110096102
1225.4607112479466,1056.0595794207838
7837.795949887255,2849.0993647719342
3050.147496944757,8727.190085338789
6658.771907538685,5641.533367063731
8434.785968845976,3391.3843043373035
4658.3597555679535,7930.737234560442
1758.1865723293156,3689.1566253560004
5873.171650239647,1492.9201898697797
4169.771130983045,7756.921659213724
7279.784042165658,2776.146529571134
4942.985414640169,6704.424424517281
3512.762609022715,1980.4179062153148
1166.758134653928,5669.032824660907
351.30387933172693,5492.4734739113555
3108.5195609471284,6882.398423164697
1497.7639963118615,8869.729167775102
9416.301970504184,2150.7097417725186
9712.12792637298,7662.146526413478
1111.0124735891725,6255.963732953308
3139.1816163478934,8177.756511959909
1352.3977018704547,4662.600926365965
6283.183303597688,2750.1896556647444
5992.199480443477,9265.8209796765
6579.755856649276,1559.0893725801768
8364.222644178799,4840.052693478711
5537.61234515858,4077.425172183249
4691.82998929404,9115.844381699906
6202.206968424009,3844.159591285957
8056.243147658832,521.9394410057887
1392.6100015561572,5823.913912756273
8566.413220784865,8700.773647203558
5203.026217589457,7731.446147282413
467.4379046745469,7019.927736766751
2207.7105971029555,5133.246125904093
4178.334666499189,3742.380164474427
7241.0486044939735,8601.571378007719
7865.255681052438,7025.830775650295
5202.870872356767,7681.790204521315
9558.02229522596,7940.676768173519
7103.216396986682,5800.988692944974
9037.038186918977,1858.2470261780627
1098.1349823810426,8856.664497310076
4872.101113194543,4453.049046786031
4629.761259502837,7470.005129186945
8650.628472257957,9096.32158517308
5608.863769953001,4992.789021448907
5100.854745173527,9138.18916343697
2911.1885407059713,5114.382922035977
2450.8557675430297,9493.144230231876
5890.914260249505,9443.74265927282
564.8349031452893,5208.439847740011
9342.44297843556,6893.541030727516
4513.452857417571,4289.026841137631
1728.256219546208,8098.32011617359
9581.619744872089,2686.9679892159184
7600.739704124429,8868.576745442218
7603.533136869952,6377.3512284978615
1979.83361058515,8915.203180619572
2359.1906864578327,8579.583240516473
2432.1013837513337,5932.771739431404
7100.5162331325455,8441.670139281461
3217.74753513009,6630.039930160113
3150.518606893554,7704.121534881435
4641.253127987506,6522.738611961122
9963.047039352592,7509.597951207845
1493.0296730327996,4050.4877039979747
2791.53555146904,9191.469536691828
3477.642543043696,9352.199610768921
9203.330608833274,4058.8337501206706
4598.169784804554,476.5105214351739
7319.3810406055945,6990.523966486659
8200.335467549858,4273.747539161478
1300.6562440789826,2111.910976113003
2147.113847245836,5896.501764685137
4235.7339069652535,6038.457967095229
1700.614618651367,185.5801961504655
8408.467763398128,912.5914602616681
5745.710606087689,1511.695591503659
597.3981150927788,2324.0433085836066
1718.925212156416,592.8230997957673
1551.937727373599,3510.730739958623
6773.794727558553,8910.320526140944
5493.223892586852,818.333626173976
780.2248842604042,1584.5944800581358
6748.153984943809,7909.779380991505
1652.8761292211714,3397.403886561028
2226.2076308450883,9077.697041317839
4636.410131304954,5288.177715038755
9683.306852011492,6413.601128508263
6095.728044933121,3012.430079746037
9663.91770738872,5227.072935234278
598.6951888917813,820.6145691937195
8371.665766654525,9153.990608801289
9548.30564800509,3563.105118511671
7790.717299911685,8611.355766039842
4712.723465016684,1989.5792210827578
8077.078987169854,4031.6956782744937
1431.9808421985836,8740.340955715123
3164.097442605194,133.46415694794445
8155.129603815878,7452.262461666593
9319.259182333506,5623.325745520898
3959.3079330918645,3424.278705469812
6605.81980466244,6698.632170916632
9818.160856182665,128.80451457734864
7908.903110688911,1988.470112597751
3479.7189907134652,7867.989048875146
9768.83432157552,2786.391768730352
5308.375261878362,6655.123965090815
8488.82276120765,6588.19017206394
260.13443982294103,7967.2963070708365
933.6957485774822,4047.6614849694615
6385.042540311877,1599.0280637830313
6453.555086183297,1151.2950304841318
9865.349516272896,6028.731585948658
2199.324728102602,5798.279588210258
337.1462508987666,8309.37999991305
5913.742717197978,3509.6381886159434
5715.700722204899,3979.794172534822
8599.423566459232,4617.232700649699
1530.4199569189668,6909.141895935461
5082.784024107952,4509.111659524086
3155.042165313139,2280.7679231161783
5185.935302137154,3169.110224840024
4762.912433936412,4755.405868573068
3268.340685889086,5202.026672757386
5933.105345949542,4640.070670323338
5658.138794337495,7365.317944972687
4368.771772873171,3625.087168357285
8802.123243300248,1228.441238243113
8790.002966426951,8083.91962470737
235.20965056894937,2517.2915199796707
4983.7805379609745,9002.216081181406
6330.539579045859,9961.472799408619
7607.668947019308,1472.1066207700628
1588.9969661103976,3907.601864056963
7450.09893303033,6518.019852458753
7874.536576445649,4224.262975531365
4245.832073318444,5269.0483171266
1817.7678106000094,251.5392575623021
1240.190590358129,4947.277888745169
9582.77565537082,3833.796306649222
5814.8130342940685,9151.46110423236
9356.751255392759,3381.1867385604287
5862.763455122173,1335.3329920753042
1641.865658617253,7698.196217921286
4767.702985042781,5595.431964612094
9451.482288531348,5989.278558303737
7615.665456263276,6156.60238836684
21.074092151824875,7974.515448915599
6728.8230238291835,3018.722140584895
2501.013788842736,1704.0108764491313
9668.351377514226,1583.8859454067867
8199.823421489295,6525.4784200468475
6847.963087850244,4891.080021902031
7621.082226300107,1510.0446004580904
7722.308149042082,9244.55143734333
7472.897912642592,9116.110194986488
4334.942056687369,9952.79583326959
336.3338529048665,2491.9323069897982
8490.025092569242,5520.007839360208
8364.133215739515,8076.009957544585
8542.800994535395,2553.3025117969146
8336.100480327254,2441.5607664349372
7821.05090641086,746.0674655251275
3179.1232362717446,3463.9387746186135
5458.201578900117,4538.361129259407
6909.878962370425,2299.8407752172334
5213.3784067621555,9851.210519298262
8985.552006340507,7709.946624485416
682.6631335540378,8573.825839132765
573.0334773011714,8498.639993037486
1951.1679938753211,876.9263780580927
8231.646331318683,6525.707982462757
7298.974782976507,8562.520997316002
7508.255976178142,4947.417725055004
734.1376084869678,8369.622098380703
5916.2903010778455,8728.935149046229
6109.708095515844,90.30017060668084
3274.5857510722553,7205.107426884741
7633.436574093644,1817.6571733401126
571.7518166775682,9937.83854413074
5746.020636624725,940.9452510625227
5269.808660255274,6267.966016252967
4274.922890819474,9181.395448825124
3283.321967929691,1474.2696166451997
5974.691439334831,6254.187854203243
1512.1559253017103,1492.1409293755694
2765.5939922108096,4904.953631311342
7036.93721114432,917.6470611188125
6795.978206931262,8053.616431816512
6603.493216299244,1710.7615104210183
3848.784077723795,2852.0500528902858
950.3026008605531,5542.111560377072
6855.354929842408,5808.493265763598
6614.6934958966785,9781.196097878903
3192.3908508855625,6862.261219930229
1083.6029231998657,7639.593187569438
849.5022273903152,3704.1307824141422
8360.459760284597,7583.296322933598
6291.3710050077225,670.3103417431499
3022.362504240702,7669.185890949635
2976.1922997674696,6966.4886207692025
2774.862276746056,6364.796466602676
2064.685656009262,13.606809259142372
9174.813329941857,5965.0920644163825
5929.990521000367,255.0554793674109
1318.0623784648026,2246.4416536416566
6936.105545220943,3301.523210459765
2217.205221355715,859.6578369225272
6940.892765694131,4905.788259118825
3430.9261656232284,5589.670804756484
8852.098855693932,9973.184223500784
7383.439132454709,3731.7620765297356
3644.0705050510915,3986.9777431896814
3870.38124272176,8751.50738927744
2545.9408218073854,5966.336465292048
6671.459633178598,5861.616562711944
9564.14751442572,8515.727902332821
47.54335909153751,5618.497969308765
2678.692828302821,702.0866336041165
9094.199850403611,40.27681315133758
4427.365040669818,2454.3997899403757
5185.814867224711,994.9903886910095
6713.97293127876,2729.5112919319185
2550.058915154515,5050.258102869968
3064.3473965865774,5282.222933096097
7783.941975284862,6293.627694178694
4553.771010704512,1711.5038096969092
1178.0735976549895,6959.920929427343
4008.730695302515,5956.747372087789
4555.434124180514,4353.479315804202
2824.806423873988,5756.648548418515
7826.719699191682,7283.306507667105
4025.839086179759,4134.43025377434
5242.023184643828,6734.994103944945
3920.6038371938503,4878.740714043363
425.3780925464423,8854.27904687464
8565.124362942364,813.5396545746132
7014.637134162037,1193.879631720588
9917.732155382491,9487.43505290094
4514.983590931384,9522.236355821731
3754.4936421915863,3872.721452528951
8747.022060233041,3805.715667708214
3252.6410172938236,724.3594691564803
243.2516465466028,4719.1567429392635
4379.698608576006,6674.107611102401
1912.8335322150003,4608.335437672271
3231.248951419906,8954.460478610752
6154.984985341389,8430.131309723176
3108.5084372175365,7629.938383630202
6073.148021076921,3766.2783064990313
5591.156260083635,3324.5805850180245
9066.457265417073,6132.936532112783
9544.317079941187,1581.3953303764606
2478.0214149363687,2331.638420848896
5915.7796613004,2926.2394883959473
9641.179417419053,3515.5317928823083
5454.542056001799,3456.5651854679268
8571.452448280623,5682.660023427817
9863.657663061455,3749.262821462952
4198.686258800222,3756.356141953142
798.5456276850833,6792.6357301365515
1412.770496686887,2791.618545783782
1397.997978638642,3376.055131715322
8983.30846726266,4856.170454368247
914.2393760093537,6879.518024958829
8620.334716056102,1039.6249755753263
6525.390358322558,4416.229014236402
3171.7221115306393,9238.11708207137
8562.979205653364,1887.3749971699538
2679.034653522728,6785.728824620889
1974.6009449152657,3626.121599386558
9981.19987339928,5252.885400315135
6139.247106541623,9776.995951020399
4451.841332958187,8586.48614457486
7931.986504666372,7.436291758210478
6849.451846737084,6946.2074327771215
7356.189571192993,532.6497350964765
2896.9261085668463,9649.867132295012
1690.0189994296788,2245.535475855527
2466.6426470758884,1745.4043392001017
8968.29826437085,9099.24221231165
3852.512387275956,4257.862143412044
9173.863544682019,6780.757932141992
4645.560759442725,3912.1847153776757
2076.557223180477,3363.2002040238963
6541.196886773303,6323.055758198406
9383.737139371318,6865.068893306125
4973.496187899937,2919.9456646440835
6186.103288355127,6186.616277483023
4927.80090597345,5714.493301935958
4754.6474742693035,3480.0062139306865
415.5098068935126,7332.775352887241
3874.2493258796662,6287.050421414742
4292.943436223499,3060.6211983486232
167.16043809168136,728.8455244555148
5070.151463726727,503.27934779413886
5028.524507693008,5917.101505210043
773.7583591317255,3078.5808329324136
500.79115102094727,6562.666970986623
6692.97168431286,3763.9226650096934
357.377388910024,6544.913618803199
9889.910303809564,4514.699285048017
7712.17883360208,8429.63770823131
2419.7567356603613,5473.152509894825
9423.189574000484,3439.7692221972966
1823.865709696343,1074.4769624608718
9119.466155847213,2228.066680153149
514.1034222343288,9523.951933029372
2534.4623377854737,1460.3382507251983
4549.257007462706,4890.723639855995
8015.473135914175,9998.681001932046
6255.3565121901875,1923.8602011068463
2889.9543596995404,6251.826740201316
1522.5270918234123,9816.711779221712
8796.625581567627,5210.25216006771
9471.28045837748,7100.520215885809
7532.103725289907,703.5642437810774
7425.247160232813,8040.250934182715
6887.242830690558,3322.1572570368494
9036.37801944889,8823.358952880073
3626.936556218503,7333.582233104898
2243.122034328031,8665.018213138379
1367.099079945654,5858.697950087092
9528.101140351962,6030.970416687993
4548.298960615324,7935.816578155108
1948.3850094707434,245.344926539508
2565.875409985803,4814.3460977687155
3673.856016489875,4030.807195697631
8785.263962737345,5639.587871232215
9356.939000970484,7132.02564877959
6341.41782928741,2575.0483834441807
9176.04249357023,3254.1692627521934
6961.078720860973,3506.442675088428
6803.361819185433,294.06777441864153
7331.421975426447,8239.394749084939
605.9159245572821,4694.6135356077275
8870.388353549206,3158.459776164465
8100.610939022089,8119.2159583368275
3888.959983579834,176.04795370436355
7585.885522789449,7129.453964540778
7124.561637883328,3987.9933358763587
3408.2777213253235,4211.140962197925
5403.15120524042,3236.1959199648118
712.6273849296483,1867.620568430447
5798.462342762224,179.1081506691139
3025.377748382385,8143.038061033853
4280.9633513815925,5061.714175971399
8239.426225226762,697.0906212171524
4021.084536645959,8419.36539111135
7411.345443493592,3320.3340995119092
8112.317260881252,2808.4691931368234
3298.949533220921,823.2585382401547
7336.2850672669,650.9045835711902
4617.827774272414,8529.235633938964
5222.813697004713,2736.874699562537
5173.820687529075,4856.187346225645
5277.098157454492,6760.015949566943
8213.50343675628,495.47917107339856
1147.4193712535064,3853.4220339140356
8140.222540394506,4012.524978031281
8917.927501910941,3553.3189699418313
9640.766964493365,6546.321665141532
309.04741085046703,9160.607890122936
4332.130013252064,5176.232920332198
8996.92794338528,9490.389321419907
2448.347720816838,460.60459428283076
5809.580970979387,4805.805132124583
2699.3603662292176,2304.5103161725965
264.2483906756965,7958.752160101382
2973.4318254519476,1406.7902629928774
2835.1809140701303,3676.7300601999887
7523.259228910578,1637.0235249720056
87.14537296026337,6314.997010204628
8897.650575763193,7992.762002963624
9463.220362701395,2763.101972140606
1764.036200108079,1259.6176796863479
8260.06575263321,7207.143306284786
4426.942384244557,6025.144685954195
8693.871707422948,9974.301662412578
6110.667769682169,3521.8608340447076
5899.607622591806,9764.182841584252
7746.988769103645,7506.903758833006
8955.610057167054,6223.267946923187
6162.650805129625,4627.794988047845
55.69028195074432,1538.1856371736335
1032.6110468232962,5864.673012254308
7073.759238876724,1143.558548647673
6367.419371945094,7182.435539771338
7234.058099296759,1073.4063394167658
2919.382045558675,5014.351019687367
2832.4228189921573,3384.733540247031
9035.513474916015,5690.1006227579055
7025.95361563941,2369.4154881031714
4008.1389299510315,4225.710255772653
6312.0144403482645,1639.4280868344013
607.5971508214384,3767.311036497234
7206.938228037325,3575.533341295898
5276.293004833711,1636.1532021139358
7063.723371423099,4936.176566142924
7056.054398758935,7658.794757122948
9950.472143757292,3476.8446926878037
2897.6355163770827,3446.655134711298
1991.6224590699483,6753.744593976453
4758.038049817056,3522.595010815792
2555.480990976571,1217.3504401183643
4349.012408726396,4338.305178865609
7135.75386327163,2151.1114922391916
7678.746524052993,8264.744225771787
9867.105361283875,985.6485623954292
3803.3634903337056,8668.697329140316
161.73740972808216,1745.1132406388936
9938.69266335708,3807.7567268124812
5628.60436003237,48.02872406908243
3064.5965782845287,8652.260000137641
148.14275272701627,9787.056766595082
4184.225041360307,2735.3393558010553
9081.082942333918,314.3101126907599
8888.128383801759,6396.33073702368
7333.700439822794,7190.328748391322
5753.556543782108,1480.566090576616
9501.452005359437,3319.726730180208
7303.673538427667,7167.8442125968
4311.85380191136,7604.560075272182
2154.210508814115,2292.1967854780114
9930.826141623895,3328.0875275100984
4207.002065491871,8272.341199697057
3366.2065401926343,4608.623443463831
2519.012275333282,5858.541928857517
1995.4178885390183,6526.626001265401
2743.7378855783077,2981.981502067962
1130.2570070098982,2829.870568279531
8730.847091552652,920.7384805375929
1110.6913090025705,9051.842241583581
2248.9487534272403,3091.3031251658394
6144.22311150748,5538.706301027434
3775.667691446054,5844.549410100399
3784.938118681379,9414.348005671798
3519.8899070935386,6065.307014408731
8566.314831882992,2857.3734136340468
7770.000831162446,2538.246729249837
9094.443574998426,9875.275493143186
1143.876543926069,5223.455666692716
6844.69328048892,2129.011466450108
3586.5307190999006,66.5767613113355
5490.203419327131,881.045488108414
6902.405600236635,5050.3633084796875
1296.2095951250828,7426.9427653351695
6374.947303159676,8869.053062037843
4635.165946578015,1170.812656374377
4904.68322800262,2185.3454603582522
7066.597271262582,9993.490383695329
9118.007728605235,4266.6420063759115
8988.882061579086,3234.1377055441467
3976.6780292343374,7337.659329937436
7834.5132661125535,3730.9982638715687
9898.672915996702,5892.943015437444
8983.132983770116,2184.868072833652
8663.300549128735,4269.738888751017
6119.743834762114,7637.546255010759
1803.4301193398228,2223.9175424674163
7718.538419510115,2671.7344950366382
7204.971845465627,6308.612697601739
3129.281225881151,7420.652851990465
1414.7870797532835,9866.035460891719
4032.2183086106124,4997.1403264584305
8306.796405588793,1774.2180745856563
3396.050946026431,4523.603343067678
9013.085354362885,6230.194019397116
7463.481482012961,2404.1413178793127
233.27084165789435,34.03194750280725
1351.300470884994,6839.795584702243
3683.8197663031438,5934.161278042891
8093.831639560269,8714.029843604025
3119.887247141613,1867.7402039486547
3394.0576189588432,5084.619068502684
4524.963240603804,1106.5960168615784
915.2472081097396,6445.978956516264
1778.4295835791997,8801.854046325123
7751.172858765631,7385.513400654699
5726.2040180748645,3639.0586119273185
95.87813959589297,4057.473645749995
5390.287832742297,967.2597709098185
1539.6260901353187,2282.7565591589173
4170.41637747567,9692.798706412836
1103.332437399438,1110.4238095600028
1382.7870377165352,8731.422168203191
298.7797795612346,8335.034584028346
6565.961085734129,8010.336377302182
3953.660828480113,7694.924145159043
7686.718361133631,3411.499194539033
5879.324129820112,9966.551455147406
8672.41696274948,7637.700541801844
4192.288442906602,5193.905246443482
659.8539505488377,2818.073594468522
3702.4674085106203,2142.480038740041
9907.278737618166,3805.6004849854617
4317.767219330512,4655.6730801277745
3529.0963912864236,1988.2215385804914
2882.9830601745134,4812.551966203453
4363.390704057004,7730.372396241711
4465.508779896417,3251.274964080794
2288.518637651834,9917.574875859284
8292.58786604864,4033.488943915996
8964.101732090574,8917.652702091344
2019.0182191182382,6342.581741861563
314.19391320624436,7945.621911535615
7880.7690488074895,3163.012159220616
4782.558408536092,4047.061666066006
7405.641684951183,8727.616826695099
3007.935461498047,4834.003382865455
1847.5319414026847,5311.27811106036
1297.0738215676836,8551.965866224511
3959.1646299170393,6554.121637278691
8041.076411005781,6174.120934974184
9131.461887311956,7459.952953501213
7505.324231688475,4531.211604626717
1646.5922570356918,7321.881072145169
1098.0937137249168,7683.620988860957
1582.5964243800795,149.58773036578998
460.57258227443776,9737.106982398398
476.6309743119668,4345.891369655309
1040.1037149959568,571.8201711161763
2644.1654746387576,3352.002145503621
3948.1443215554323,6343.069203536449
107.92892398744702,6135.259145824307
3931.0349349788967,6012.844673925271
7605.754164909609,8405.816854197976
9030.355293019747,5489.090194606274
7742.243165261228,9448.813226473188
3229.007268489331,5315.517248617691
4423.156784420985,4687.221500042989
7247.853571843039,4437.7926715714575
5523.8856752418715,2017.1027297043354
437.41701087222526,1629.5094395007714
5533.458632487621,3179.392401763893
3310.5274358711513,4747.661723310251
9560.86915041548,6445.583220518568
6805.746959417272,5383.042126872858
3150.8331755963113,3509.1700357353175
9981.254981592227,5601.023699164841
3949.522533906874,3971.651587494425
9668.921683334702,5327.66807408391
917.4181567795159,3235.1069230188255
4737.941500218438,7761.2028262689455
1463.1752208181636,5095.700958651866
7091.843971819316,5137.174093912467
1098.4867879685921,7554.773338060081
6257.291262223293,8290.757636355214
9894.195999131285,508.6332233115487
8924.602379702457,8019.828779169414
1218.0003923141157,8364.068707809225
2488.534474460846,6924.163728515959
8655.814388291343,4295.784978934504
7556.044385816504,544.6805619431361
9855.314262333102,5784.401811939405
3242.701621145504,7128.641776673654
3152.039434291427,4902.652506989951
7052.953960718212,9013.606518354645
4322.738599227817,1307.0521516681565
3312.6609325432055,5399.603520360956
1159.3135120225295,5617.050330780237
977.3245552869491,6930.153315440659
6401.805473198257,8554.272596108578
4367.616697944006,2072.8956215434537
4771.668229032385,4696.661138458718
3269.494106774258,9297.011869247754
7730.1437113011725,5504.215088607155
5417.637071008144,4223.027882259227
9263.897808314887,6773.197533319818
3491.233323144737,5304.959165261452
5472.629196383119,3864.217538327023
6132.259612540519,725.2770564656353
959.4371156541281,5045.7994350775925
9293.331827776796,5960.924500426345
6625.142942050062,7807.360190198502
9981.002983062077,6088.949760609647
8585.290929901445,2050.129727433372
1804.3516950379724,2633.3435208470246
2061.0169377700727,1820.9487389743583
5457.125424336085,3769.1142894402865
9520.537818765699,7089.650095780562
7427.6856340573395,4255.048185335454
2871.2205029517445,9335.330174618626
1104.828745422326,9947.334685033018
7055.394153662994,904.0407493823011
4759.100317348453,6208.528733023612
9250.586484533642,9274.2106568712
6773.936792440394,5509.545795075178
7168.830998551164,6666.089440536151
5587.4403495654005,101.28925389708887
4588.086838732861,9745.124547520621
7821.194011399536,8201.550030043436
7801.53101065649,851.8277299588195
8650.672008228361,623.6622778413614
7923.273163354187,4087.598958548836
6629.273670292272,2404.7841848088524
1736.3522708156686,3685.8297962392494
4400.590346610742,2766.726442516377
3262.1241738157246,4496.670886448088
1454.5187987416575,7250.31590478421
6678.359165906633,2462.7124007045
6854.509962792368,4945.318467753452
9898.644097973862,4880.3829463514085
1062.6014019063412,1020.8569790269185
152.4013398489954,9531.300168570764
976.418167318438,580.5473458904198
7058.168011568015,5399.627238966023
1861.0836784375572,6527.3245807090725
8062.873838905182,4662.437624032079
7328.6019616642,9461.81340279568
8855.407353792572,5248.216596385341
6247.090914773387,8023.162464049931
312.03420071704403,6912.485504988497
2300.1274191482003,1021.5802637988413
779.6995734941559,2678.873884467644
2246.5687922427715,3029.0019541787483
7067.352601644371,8598.566035103919
3969.784669296432,1996.8160142788315
4833.2904812873885,1221.3625268434903
1132.335407988966,3337.3623082270296
2928.3625648156044,5661.257628337137
3380.803638651999,2594.675101634416
546.6393296140626,5885.221620816667
8670.22298703826,2426.835106517935
6974.032703172701,1147.080191248806
3748.8525379052962,7386.337332512085
8829.568183228603,7496.616809062904
5802.689354201402,8028.218148447423
5585.169932061892,6725.912712458594
8368.491260166236,7155.446034012724
8022.139713449732,1892.5226755037327
890.9077536736876,5543.53606445585
7382.575739971084,4019.79343481887
1177.9396469640778,1940.993118905282
3290.877614083202,3613.1144464862195
8043.783257425736,3854.058758479133
99.44831221246453,4715.4869153689515
7191.086618467859,6052.822675809437
7872.896578351728,5249.433349149418
9930.964777123643,5375.765807501063
5706.627393843983,5475.112397761766
6249.790077406046,9581.458538065086
4660.1310690155515,1660.78440353423
500.9100495513863,3031.4780598682887
7689.005693163459,5588.825924869966
3958.8637221116965,3136.320528750193
6891.231459733427,5651.73770865089
8294.252607686543,9571.10413800308
5182.534691095093,9142.483182389102
681.471577510071,8753.077054139832
1270.7197324214492,9887.395821174516
7032.121596071555,4417.4906683222625
2581.958338382395,9306.980052038065
7478.30446824793,8332.890808703354
5418.51918460541,299.47207248715466
1489.9285431362396,1313.2913242018685
1332.8365190895042,5761.1069276256285
5826.68709974164,3947.512185383649
6419.817879162373,4449.4433570995825
6194.8722721128315,6592.723859411252
506.2875699057789,7397.725359731771
5421.678757887835,4431.587779878786
7193.253212183636,7006.140341669109
3039.070661715312,4891.9335346069
9785.418821869682,5925.506792929324
5910.639279806454,8080.8480912640935
4963.431510365681,501.51166520519763
1526.7545864131182,9573.126135039867
1354.8848474352637,2785.5817590205756
5407.495009974647,4722.759657257696
2190.4331202036033,2007.9325097202861
3022.3275128275927,7580.319350955482
2795.550908450959,9573.713880122736
907.0690977231588,2270.6075759441
2568.955329324516,7594.650183471714
2351.949464747475,1583.3114677008498
6198.4261687324115,5408.05146018505
351.68246565017046,5957.619551107235
1069.794571270819,3348.7051684256453
8099.213367182171,1033.1481957445276
9805.74908109238,6747.121680029252
6479.431764753246,136.25796179429383
5037.527652612393,4238.648429737332
9220.403815531203,2444.195720527116
1400.0255001980076,8000.15191306606
1572.5986242230272,4314.8093056173975
3476.1105810453987,2682.8438321457206
558.1882909413838,9629.061147781542
815.7507155313492,6325.1990947330105
1147.990214491096,5149.9574720898445
5089.556411492023,4581.918034237014
3085.3458365472575,9649.015895992068
7700.13678630282,940.3724082245457
5106.8425156829535,2864.758196778796
5017.441133436642,6297.893761424537
4586.845936582113,1492.5765017717051
8431.54431437245,2787.9114112349066
1196.7277012441236,9135.217138434473
4989.618545382671,2232.6850671835787
6818.059167835523,9031.279624039276
4238.662253525153,1191.4918575985566
7122.729812092684,4492.528266137433
7724.3649251154175,1328.156173964964
2944.7545756395375,855.9284421076063
3348.3597336360403,2537.9796797708264
1436.8279233571934,5821.662061911326
4850.884773529485,7932.34915720184
9662.10589663253,4647.457046334464
7094.177085903335,556.1913936599227
5127.562367370631,1846.2207282889788
2383.8905438073034,4976.889507652741
1414.5862753186823,9047.819810241206
8686.975803665744,9093.791096477014
230.73623443381263,4196.608498363651
9266.901965356767,3493.211713909269
5929.966239835665,8406.408738507671
772.9822394462404,8987.16930365417
3229.090148424124,2843.5386087798297
5769.647883080319,7783.420550547622
9291.910593176362,4187.2825270493095
3513.5266570515855,7749.982498914819
2917.0331506953185,9534.743598846047
346.21111868747835,7335.193507694828
488.23365842134535,6286.689227171813
7368.441055498484,8889.221369364499
3153.223038563806,1513.1518792364884
4964.452677746869,1742.0793953776026
3054.0855799327783,6110.85808797381
1278.0752126039963,3184.2845390022876
7894.488371492707,9845.973564970955
1351.3308903384202,4206.751623592476
4350.166554856729,7833.709076889131
1850.666446299465,5912.809248997488
7486.9710450896055,3757.8655244679935
1944.1122225579022,4323.399311302064
7104.227053018443,9767.476006813617
8572.161707630374,6391.25425107561
2141.5578236925357,7524.969201999793
8909.020813708694,6300.56745407765
3490.4272692933837,8653.059846258206
9256.928587417968,9829.068712682834
3482.0495338233713,7134.99568151753
8230.449611362466,1458.3647039370596
8160.4000774109145,6210.27546009543
9138.43779863359,1488.116355363782
4868.617823350874,8190.120443641837
4739.6168384528255,9744.393058491238
1927.9172611829697,6413.310522656316
2379.350812595118,1797.1723499454572
946.5583011225432,2721.775278259607
2554.3090338353513,9284.748404795911
8326.755949546332,748.9694054593266
6680.580116149514,3090.445675405467
5820.862273080175,4813.860590498658
9145.056108786277,1653.1521740532685
1737.7319449969941,3381.0146300160827
4063.3791089347237,5454.418696309317
2400.674118905117,3155.2840910646228
8658.431135072371,3917.220080522723
6012.840582221298,8545.163742258328
7570.259862746975,6396.923703037845
7523.242295500525,2226.723921681064
9838.28209553518,1032.9732811614667
481.94601081016583,5810.451294488689
2101.6985929621046,6143.303062982018
399.84290546546396,2412.4262496483584
6813.720388232245,6498.976637501176
9987.760556270709,7147.1353258363615
3753.7729420259548,1591.4550181828124
6978.373871601029,2330.3538909261324
4985.896111927952,2906.350876248971
8619.534038965876,6025.452236796763
5424.112521774105,5243.035795974452
2003.087577020546,7150.260867708572
4556.57747072893,375.5364965349628
4804.230854557303,6970.029212327055
8204.14751655361,8807.37075133667
7242.180160965713,4636.692591940991
5168.387781878573,1374.8996394554358
8100.452542475387,5193.3015788467965
629.0189397671663,8806.761505402948
3201.765871840709,2369.7249365317384
2446.561955875135,5667.15543689208
401.0475229795041,7671.3936195306405
7719.841796209332,6505.674000034898
6822.924973545187,571.4328318147
5258.170429240247,11.427149562145411
4863.61292067518,9420.739520304274
8913.817076693918,7941.0731063457515
9910.19950155892,5208.298059699562
5515.1175439681965,1956.614029170788
12.982050792895716,4332.55929425003
6196.134897404078,7225.060657148972
1973.697048134726,1229.029470284858
3453.0794558566836,7149.5521893249725
5413.50250458222,915.8965265779095
1572.3026136231676,5940.913928397311
3504.3126554402593,8547.338613466485
8871.349428789563,4690.186772159635
2465.6217611635843,5310.599945020293
4968.308381095115,1976.2895387148317
4848.304705314265,1157.0358140211379
7557.6363562575925,9656.329790246557
3828.0683882931944,9756.432492234075
3587.0969816961197,5108.6701897065905
2190.684458196215,853.0789128088223
1627.68672476706,6238.614968995573
2736.960449073105,5927.803960692254
3064.428970966806,432.1333846045006
7569.210460355847,3779.1348097287814
1121.5583124647687,2168.4508937735504
7164.756395915251,3276.160798213826
9636.507856490147,8155.039681815145
293.1844268328643,6002.696590365425
3733.705616348375,3563.2587956733532
2039.0121793495252,8593.407599814956
1521.2042840372098,8137.744458236911
8704.194816960327,402.52729056267646
342.31382420927383,4072.5340710284477
3697.7016769766515,8123.1826569822615
1145.973679364748,2452.064967268747
4807.910637159201,3809.6961806254058
5941.562084694705,8067.946521306923
9146.135083455116,812.512776947012
6509.658624829721,3111.7041638670585
3431.78737928589,8739.025517803504
817.2638849068514,4507.691147029441
1618.9599304020585,7476.082044204425
7550.126464482424,8824.948337873153
9506.563259772918,3600.038556006815
6094.133786726769,4070.9922499302197
5753.716918033374,4083.46946227764
844.008636140423,1594.7833547105206
6664.794410413918,2544.8385383427353
7948.4160678857,8571.894887454788
521.2735273411662,8291.405616857808
5253.2059232886695,6715.441542744232
2704.275759597805,2886.9546723649664
2309.778149053239,7917.764399004592
8289.139040600427,4236.8681366580795
2621.9988820549556,278.2362415677275
5324.7276078912355,9502.669018754166
2611.5127269360105,2513.9014048713148
6834.254770028035,3637.9714635627593
5367.681921975614,6711.960896536991
1091.627517673569,4844.150394401192
2670.753292056385,2141.4950393877284
8445.240026639289,4496.097936732719
959.8907958776259,5762.028567926765
7301.597040766449,1635.1907386440346
2422.668961371873,8341.611725328778
9716.127263308745,8125.158313527855
1882.9937328040435,1220.8337908585454
8073.577351755802,2435.281192246518
2439.7021690568367,772.989300116812
6499.647161999005,486.50856508788087
23.93070973189415,2566.6562474310563
4143.216167973935,8410.407147586222
5691.961150342329,9640.192737938332
8442.281310544846,788.7529681574224
5964.974929912728,1993.8713133643228
4045.3425802536103,1207.9671001776314
8623.10912867819,5314.573828562767
2044.290036363452,1625.1814091283402
9016.170694429147,64.35938682208709
5636.578788050001,6309.049325337207
3291.652941726795,4940.055264008014
2427.6509470571204,6299.983825148369
8101.985290085539,5842.407390475853
7955.671351814339,9851.408256954051
6203.750127606115,6117.680330252262
2412.088735350384,6468.4485271414005
