200 587
907 349
157 728
350 641
136 835
984 609
503 414
313 111
146 248
272 724
190 555
461 844
269 609
91 24
419 971
191 616
691 931
992 392
515 556
217 844
84 704
40 805
304 322
418 283
986 695
283 42
121 413
105 112
213 276
555 515
593 527
650 101
891 912
242 398
784 466
855 85
422 878
809 938
218 758
663 611
480 464
735 250
84 723
796 253
583 275
80 264
486 0
415 464
202 454
21 139
72 555
26 753
685 583
532 720
93 963
884 798
981 424
518 941
25 821
588 111
649 155
104 985
677 559
385 30
676 672
980 546
776 219
471 203
651 511
346 83
982 360
148 236
486 874
78 662
180 969
534 18
13 899
421 734
278 874
332 537
11 197
561 184
527 151
272 873
602 151
511 451
60 594
28 796
934 462
178 362
859 10
911 131
22 842
225 439
75 862
502 182
720 414
58 245
657 763
673 710
604 206
470 710
818 311
219 806
76 54
787 239
783 848
758 456
89 670
498 262
590 176
548 418
866 913
764 308
872 397
266 11
352 464
293 313
60 812
734 193
965 68
908 586
109 91
980 306
10 195
690 981
958 815
757 556
197 163
902 923
495 638
847 978
541 968
573 481
387 864
864 189
620 554
99 806
832 951
692 275
519 368
164 555
929 629
719 527
771 662
48 885
792 711
537 184
330 966
817 716
34 41
472 535
606 24
244 842
402 495
715 550
831 177
725 266
564 793
269 982
855 687
376 900
501 190
109 395
50 492
658 493
636 370
193 217
98 880
741 374
45 144
363 717
378 246
314 319
144 548
225 10
350 255
539 935
689 648
392 847
862 34
725 816
791 897
54 666
919 241
405 538
43 651
278 343
904 409
865 33
886 276
927 136
652 914
382 931
485 605
824 786
260 255
574 502
630 696
163 877
581 59
355 549
718 906
961 955
850 879
967 911
913 863
349 706
653 256
184 535
920 839
484 267
233 534
645 698
285 622
34 272
707 228
327 613
183 402
726 161
614 466
910 741
948 740
490 299
714 232
564 87
802 906
67 523
852 836
14 149
198 893
606 803
804 21
274 163
763 518
858 695
95 993
944 274
616 433
217 970
709 288
850 559
400 96
470 129
225 626
434 487
142 180
259 456
423 493
815 275
221 493
530 315
686 670
300 332
626 526
249 689
432 583
89 157
416 721
419 248
535 213
974 915
994 416
40 386
857 496
638 60
318 477
183 644
325 521
852 32
735 718
974 139
979 692
6 413
586 851
526 185
258 197
922 334
666 255
948 157
44 84
824 909
345 857
140 349
497 807
324 879
601 600
998 795
555 538
944 404
745 407
6 338
490 905
216 184
187 554
232 733
254 877
350 959
25 978
316 357
530 700
276 198
494 931
235 141
526 196
493 504
610 580
14 302
727 106
625 183
937 300
766 933
138 483
393 308
392 391
807 503
11 592
954 52
793 369
791 909
229 338
363 97
844 767
504 267
191 831
319 409
367 578
412 425
296 472
375 973
559 757
986 280
416 357
719 449
293 976
630 963
402 489
261 856
292 943
804 753
381 517
301 739
497 483
232 570
425 177
700 985
21 72
541 999
318 314
653 518
297 882
825 431
351 59
468 552
435 974
5 566
810 833
962 38
456 302
407 174
680 128
255 214
422 875
315 135
378 442
639 14
878 809
141 995
341 202
715 170
568 712
420 262
145 34
173 895
168 495
453 839
970 452
515 60
199 504
134 195
963 346
519 117
302 751
281 812
276 944
401 908
918 13
283 730
683 503
870 797
903 615
865 246
107 66
559 829
266 52
876 83
534 660
242 486
611 390
176 151
617 742
292 700
635 97
44 955
92 939
822 659
435 178
124 125
701 223
998 784
302 537
418 281
944 831
518 945
698 117
63 786
144 773
860 249
710 655
427 804
793 391
856 186
713 171
408 113
717 421
11 639
353 670
31 89
421 781
366 963
