572 574
918 655
882 526
786 55
451 445
483 559
531 401
363 599
199 600
736 334
842 900
988 115
503 876
845 386
514 693
985 159
637 394
559 739
300 549
898 652
119 7
881 157
50 331
323 740
950 407
227 622
303 754
452 60
89 168
895 435
89 132
983 514
579 857
754 132
999 336
859 238
95 786
642 566
718 716
134 605
691 924
390 484
780 185
62 751
823 118
82 691
255 704
450 791
846 809
951 183
112 978
910 864
417 946
905 911
809 230
706 918
821 148
34 593
905 912
801 446
350 324
632 878
669 739
833 45
604 176
253 653
527 761
311 690
12 127
474 12
801 957
270 820
433 13
756 725
77 313
46 292
813 920
315 772
241 961
749 660
805 240
165 988
757 221
132 426
204 210
1000 484
280 322
230 98
473 983
246 985
452 663
939 53
508 712
972 431
316 99
834 386
634 417
127 923
415 726
797 732
916 282
417 833
43 370
176 77
823 541
755 581
339 764
925 15
291 923
623 749
909 489
463 702
226 412
666 722
28 291
798 783
627 472
506 280
667 60
789 250
924 632
350 183
554 614
110 198
440 503
11 739
965 89
316 698
205 576
14 475
582 29
713 606
505 841
757 351
290 34
84 75
560 817
349 397
138 391
240 563
117 872
21 896
816 847
418 540
529 191
463 527
895 620
439 878
825 208
209 699
81 906
757 132
567 634
56 994
329 822
454 592
361 882
551 904
881 669
184 711
979 986
43 935
295 760
151 603
266 286
471 338
98 598
92 961
539 265
968 705
309 483
939 441
248 127
591 388
864 383
113 126
995 673
982 853
153 958
471 583
682 986
538 269
50 123
495 724
59 157
25 381
880 605
455 345
826 592
167 962
435 894
471 363
619 59
999 393
753 961
23 975
868 551
547 326
294 548
633 246
295 429
479 721
612 505
376 36
12 35
14 700
293 895
902 836
631 497
874 191
939 302
354 610
922 563
129 994
123 240
112 152
52 566
923 577
702 419
404 26
384 641
71 812
289 25
682 716
485 842
18 946
596 636
270 736
400 59
299 291
813 795
279 453
256 77
955 158
58 961
581 249
100 425
56 400
99 603
117 963
325 860
727 704
256 843
102 211
680 277
499 767
329 187
208 618
452 456
820 10
530 360
307 20
584 38
253 69
721 208
945 981
560 781
989 60
366 37
940 119
538 443
383 107
845 698
99 740
869 895
241 219
819 589
915 410
179 36
786 71
32 617
419 111
899 520
470 744
348 265
181 423
373 783
718 310
395 595
357 248
892 68
935 202
893 519
757 775
82 201
289 28
746 795
152 413
178 19
494 167
842 824
673 512
716 696
166 324
315 447
41 87
14 935
334 839
22 935
290 699
767 631
57 29
691 688
304 539
878 475
290 590
722 226
225 239
856 43
818 780
75 754
140 828
982 762
331 973
833 375
478 174
426 218
448 458
312 605
272 655
431 68
7 772
926 273
65 339
385 948
131 354
242 951
555 326
23 350
31 580
61 198
704 55
386 909
892 960
839 90
930 354
895 878
197 942
452 753
561 333
671 166
240 885
776 23
370 659
815 959
909 535
365 373
645 626
101 850
625 90
95 799
289 378
669 207
896 218
85 798
707 851
389 904
543 358
341 360
576 911
878 606
832 228
257 898
420 597
212 487
73 935
251 305
706 447
262 732
487 649
429 494
378 757
804 71
222 758
258 243
703 39
933 928
526 987
861 343
941 785
82 198
886 122
68 843
506 283
608 628
825 831
335 944
337 588
799 2
306 828
329 451
764 131
627 740
336 197
750 476
913 782
653 259
851 78
214 223
546 725
740 640
356 296
214 696
140 457
102 429
256 323
266 445
554 496
20 845
974 495
994 131
913 73
742 165
138 141
979 412
674 773
220 904
22 626
76 846
603 934
42 6
239 35
155 945
949 616
106 81
332 978
504 301
928 755
964 56
170 786
182 888
900 488
157 241
75 81
927 571
