325 589
664 570
772 339
530 823
222 437
486 390
343 75
756 435
359 624
239 564
284 166
296 225
49 492
869 336
823 436
12 659
752 54
289 586
190 901
640 75
497 697
399 222
65 911
873 246
886 44
691 30
857 196
325 986
480 932
837 666
429 429
387 839
754 761
253 571
972 369
777 40
988 15
448 194
210 125
438 977
390 514
485 822
391 290
816 481
970 513
995 902
627 369
93 418
220 930
736 682
512 343
697 562
988 801
288 641
631 286
346 134
37 950
135 23
966 496
192 491
458 935
326 84
292 505
711 839
578 292
365 897
57 133
139 70
911 0
860 488
782 839
91 848
648 818
582 168
653 802
189 876
656 750
373 353
965 144
129 821
278 332
842 766
805 820
16 633
264 615
160 731
554 3
633 860
338 429
680 483
26 603
522 96
299 684
357 443
40 28
460 490
469 803
844 899
441 528
190 215
517 902
547 691
914 396
825 998
502 500
340 79
726 396
311 441
300 561
824 419
770 425
266 338
269 400
648 514
924 306
576 391
342 65
250 10
720 683
593 907
108 893
160 103
307 421
948 567
607 133
906 952
916 256
346 577
939 678
939 316
874 882
175 437
30 821
997 590
299 112
965 76
53 170
678 272
293 555
443 493
595 915
387 527
527 367
566 384
979 42
6 468
718 264
747 469
992 186
999 848
236 547
62 889
0 671
70 523
205 914
84 349
943 683
294 149
462 655
723 834
626 573
335 914
44 987
550 218
704 924
376 724
46 871
241 790
491 799
195 844
353 911
51 465
462 961
859 120
576 285
886 314
950 359
909 334
843 81
614 700
554 115
852 882
110 449
438 832
351 478
606 67
415 747
441 145
891 716
602 289
980 317
44 582
893 232
675 730
75 673
560 264
106 847
488 978
952 765
472 913
337 655
824 107
97 169
721 716
119 638
849 666
52 438
938 411
982 882
475 710
235 672
532 915
81 584
792 648
327 337
685 437
900 258
167 329
20 457
112 246
995 440
112 306
218 848
568 465
97 720
946 791
734 314
212 898
156 0
491 296
19 479
951 421
346 575
990 382
461 600
964 213
375 822
772 558
278 385
314 974
910 550
8 425
283 884
82 586
335 306
962 205
48 147
184 415
586 420
252 818
298 413
842 38
692 818
989 663
563 625
216 433
652 585
480 787
779 480
216 6
716 556
602 615
836 428
935 84
328 452
385 73
793 870
172 730
539 510
221 573
522 329
854 531
806 571
606 744
687 751
225 134
796 6
690 360
836 75
556 690
337 243
184 42
818 343
728 496
90 115
2 868
448 744
322 705
238 852
440 761
296 327
518 467
945 343
297 124
967 359
751 402
122 163
336 831
370 386
988 328
594 6
845 677
753 345
962 476
30 488
173 497
813 253
37 648
413 880
779 53
977 788
775 493
719 17
692 52
566 197
670 43
434 576
541 282
510 254
377 769
106 15
832 738
706 271
406 884
702 918
867 553
132 945
536 921
865 754
523 783
766 317
608 637
404 980
62 173
881 331
933 858
849 920
596 598
562 266
4 158
89 547
141 24
319 420
431 994
982 569
761 946
550 52
830 394
463 544
612 161
664 748
958 718
353 297
104 743
850 737
612 689
218 452
977 958
4 966
325 581
945 236
928 247
21 279
76 948
169 77
634 896
799 181
996 593
529 532
135 41
392 805
637 40
523 725
582 44
613 913
373 83
541 8
899 800
44 609
438 761
299 905
876 361
601 777
301 64
666 455
150 96
355 961
409 921
838 254
478 62
534 175
778 373
637 800
297 33
