630 626
511 198
309 39
82 133
745 630
280 933
826 345
132 370
553 118
909 114
280 807
955 358
815 234
77 521
117 359
269 869
329 785
950 944
211 331
430 707
793 288
912 607
418 827
388 62
746 391
994 256
986 803
535 33
884 773
109 448
909 221
437 331
316 488
894 56
878 648
995 657
6 971
19 314
229 389
44 196
35 864
112 973
95 423
445 604
827 538
107 307
457 359
467 509
201 806
9 679
875 758
77 473
277 42
431 21
647 603
796 553
382 663
908 563
506 229
302 736
824 705
492 450
59 242
783 388
243 280
184 710
277 684
649 559
450 467
797 905
760 292
720 195
379 721
952 11
33 988
941 820
817 916
890 504
312 415
138 167
672 125
834 414
778 726
181 923
687 128
305 319
801 722
739 718
646 177
334 794
346 132
524 58
609 641
823 135
79 509
31 611
276 465
127 855
170 467
102 2
304 576
879 258
972 703
977 513
57 68
64 29
132 363
6 784
871 21
386 422
936 213
779 857
720 804
486 634
52 113
893 500
49 631
988 760
945 450
417 82
596 774
349 16
721 199
933 500
200 805
448 654
76 548
13 644
127 615
166 84
612 411
626 299
980 82
365 890
90 454
196 680
582 183
14 452
497 825
281 148
98 862
162 247
769 900
910 807
301 590
741 263
396 310
298 775
173 297
903 548
953 826
622 269
217 667
485 390
149 690
31 292
273 229
160 666
208 695
19 327
223 903
108 364
430 843
292 268
372 143
943 446
555 309
776 255
853 5
67 278
703 363
839 293
8 462
990 89
956 765
396 188
25 786
642 572
51 53
22 509
94 791
292 884
803 648
683 333
260 464
895 214
637 30
590 282
938 972
459 93
123 972
654 689
863 46
360 246
179 581
240 202
278 641
135 302
172 715
671 944
39 234
720 473
167 864
657 632
222 728
325 666
941 321
999 560
356 408
605 948
104 345
378 936
619 237
280 139
518 721
883 318
506 219
222 828
403 999
392 910
672 560
380 569
818 61
5 38
616 931
627 764
801 271
225 660
109 180
756 746
576 557
623 600
56 189
961 946
203 475
653 470
959 67
316 872
109 242
869 255
576 595
424 45
608 460
454 724
645 325
495 274
257 995
506 18
587 303
383 687
73 977
646 460
500 582
486 872
879 64
694 408
78 688
852 563
90 221
129 942
658 686
978 830
115 884
663 467
631 195
29 101
166 809
591 691
759 683
528 918
645 96
398 123
810 654
659 20
696 327
621 481
285 955
463 31
158 512
506 187
585 178
879 738
394 462
50 704
839 785
6 158
216 239
187 789
129 136
981 163
151 65
329 433
520 886
626 10
88 326
596 794
726 291
786 518
770 473
342 89
152 83
416 352
694 843
112 524
85 202
776 707
902 703
872 783
382 690
735 441
324 18
922 820
841 513
847 883
411 199
478 364
86 810
278 560
974 299
322 205
825 135
588 959
736 453
33 542
449 537
218 457
654 939
757 927
444 655
765 102
672 790
611 693
33 31
217 412
570 875
349 956
723 253
384 337
666 531
175 956
6 545
486 182
522 951
613 979
313 311
116 894
972 505
390 32
44 131
