442 474
330 471
143 47
214 23
338 362
7 563
984 412
258 985
751 58
812 865
54 304
698 164
347 84
871 700
987 18
47 312
567 504
214 215
182 66
711 614
410 380
581 649
434 415
647 598
324 600
927 828
297 107
509 871
425 435
590 177
704 305
391 223
914 727
910 345
95 255
886 397
766 201
350 931
675 499
373 424
527 795
172 344
228 254
913 284
452 215
296 913
494 122
319 187
214 455
531 321
224 95
285 5
656 352
477 285
917 223
728 680
255 719
971 351
667 186
182 328
858 54
999 80
964 90
806 510
859 967
184 452
272 76
137 551
445 715
914 711
29 62
487 179
386 19
349 801
171 939
755 372
40 267
183 364
327 458
924 127
720 486
380 436
38 709
16 874
461 46
503 136
621 18
246 758
612 789
545 745
768 105
648 914
47 894
313 561
516 590
456 9
255 58
805 16
401 564
745 303
890 464
918 425
756 481
60 342
347 850
586 21
433 46
239 967
921 56
27 553
571 397
381 656
638 50
797 195
569 775
707 222
22 542
915 258
560 639
91 580
652 910
279 580
366 635
581 235
684 380
366 786
220 711
706 639
265 986
947 0
751 967
598 520
94 387
572 828
85 249
145 547
881 996
796 655
140 16
758 919
532 172
699 10
455 604
921 602
9 212
240 480
978 922
214 206
339 327
881 803
380 268
665 958
364 751
892 197
886 95
781 450
538 983
317 646
646 335
142 38
717 74
797 745
893 960
673 949
953 239
541 43
309 2
710 828
241 310
991 992
984 644
347 396
473 50
421 437
78 54
244 622
368 848
744 255
350 737
348 973
748 210
712 583
470 518
135 313
315 320
162 583
815 49
32 494
233 820
583 699
468 272
125 773
429 795
246 425
403 581
488 537
138 332
885 545
34 213
560 982
579 120
387 686
718 861
416 163
325 556
37 641
212 541
588 834
83 277
623 486
231 778
269 0
334 972
822 746
644 777
835 620
867 659
199 625
423 183
64 514
680 782
884 970
963 338
456 21
342 637
720 252
350 659
291 201
482 815
990 948
744 52
892 417
382 662
341 454
620 113
393 893
502 380
660 362
869 877
996 120
601 964
205 862
349 717
353 24
228 263
615 182
797 177
390 814
627 650
250 756
584 167
204 278
447 287
169 813
171 269
814 837
455 141
88 140
650 873
861 886
617 915
669 688
202 983
28 281
208 26
718 991
119 262
95 30
38 847
812 18
693 840
127 67
822 524
70 673
932 763
978 100
252 958
927 906
495 731
928 125
675 579
181 494
659 61
300 655
801 471
558 567
243 742
599 273
744 176
560 497
343 40
0 691
652 286
450 552
694 554
847 484
303 884
184 761
203 709
784 855
664 617
394 640
338 384
648 963
995 843
995 923
867 733
652 441
135 919
411 548
932 188
997 690
798 133
481 740
53 255
751 942
41 182
354 302
