732 907
182 515
355 629
429 835
782 902
490 928
325 635
404 738
499 641
925 812
370 298
831 945
199 369
821 187
795 489
469 237
655 218
242 259
437 132
637 827
749 242
442 793
52 507
128 21
683 789
323 84
898 844
354 346
861 390
1 489
692 410
455 969
619 778
357 667
940 400
233 990
538 603
167 914
242 477
140 935
304 69
660 758
998 176
118 945
643 803
78 63
783 890
415 462
435 28
80 215
673 866
970 881
546 257
815 68
745 305
615 15
910 5
97 864
121 887
359 846
473 242
131 356
590 769
871 118
780 556
678 46
42 721
748 310
860 57
447 435
176 686
16 920
260 291
659 511
606 961
428 787
648 516
966 516
453 6
157 71
513 563
342 74
157 181
648 773
149 695
759 550
469 248
620 170
441 858
427 111
582 892
535 507
782 721
126 605
970 112
986 386
513 806
835 190
841 582
352 998
979 40
556 748
411 470
326 403
512 706
324 165
642 393
391 818
67 996
787 124
171 296
823 782
553 608
342 581
636 442
450 818
120 956
536 951
713 17
590 96
943 986
167 873
30 198
826 637
646 659
95 565
221 28
40 562
803 342
633 85
934 843
