347 425
887 591
884 335
464 286
574 529
86 570
15 658
436 702
245 806
57 481
585 912
941 141
666 449
406 518
572 611
276 304
151 730
758 226
472 305
935 482
197 312
640 203
204 63
349 187
825 809
377 917
532 726
682 340
851 614
639 582
693 630
977 62
559 52
131 577
701 280
175 926
500 389
317 95
88 539
534 471
170 507
89 702
971 988
146 192
352 923
179 846
385 132
669 208
663 791
759 565
776 26
220 891
529 225
222 132
177 893
23 109
762 625
987 9
358 823
635 153
540 133
121 979
42 600
554 553
639 410
514 525
78 510
723 293
15 50
810 697
692 120
347 677
956 277
221 382
230 967
682 118
743 439
436 388
184 777
90 163
468 790
317 556
123 542
309 581
251 463
967 893
178 700
887 926
483 305
630 631
561 922
329 368
275 149
378 432
899 782
597 204
612 837
169 121
989 596
20 193
737 326
727 428
113 929
835 617
204 417
670 867
561 428
757 69
29 612
379 823
286 23
657 921
247 880
301 874
260 20
648 111
316 501
419 839
961 461
408 924
881 550
345 327
495 11
37 499
565 579
934 780
965 739
121 155
998 839
620 440
324 458
539 246
236 429
827 214
388 99
743 558
199 367
236 510
768 393
665 468
724 59
140 828
978 119
4 92
101 479
230 552
54 162
519 380
118 95
206 172
150 11
293 752
504 475
910 236
912 880
730 985
697 17
680 630
778 569
301 640
329 135
79 419
510 458
329 946
522 587
665 950
