213 158
74 645
418 899
535 267
469 315
494 785
625 298
327 733
436 130
138 189
502 578
742 601
112 603
974 101
674 14
456 78
315 925
262 853
808 767
619 567
312 790
517 948
520 762
272 280
123 848
692 463
931 877
905 485
476 493
334 133
683 459
141 656
627 637
954 936
848 910
179 925
703 467
989 436
521 191
939 941
617 518
181 122
486 645
684 634
360 163
745 842
600 433
933 585
658 274
846 895
776 404
818 823
565 1000
237 297
387 94
978 77
476 291
128 225
120 830
961 364
80 451
956 218
537 235
650 391
526 835
130 278
667 719
316 405
790 896
684 513
313 482
345 172
938 847
813 571
12 332
789 36
30 72
990 656
960 111
891 48
894 290
981 464
205 184
89 577
940 242
21 347
651 756
932 793
205 192
678 593
895 502
246 178
622 313
102 715
297 482
335 822
503 778
701 960
712 432
472 507
505 911
606 934
542 480
733 62
899 837
601 41
53 53
500 868
97 728
336 778
23 225
234 913
571 851
567 596
142 826
940 371
298 663
457 113
370 776
3 65
20 739
532 89
646 156
616 39
806 172
319 488
516 687
135 564
513 756
598 781
654 290
859 843
782 388
465 402
341 886
621 654
272 628
21 985
4 753
590 362
545 512
42 270
404 756
566 569
996 688
883 735
680 109
348 782
9 658
231 620
881 861
879 209
884 396
411 373
564 511
818 311
202 858
67 997
406 330
321 242
801 685
849 471
213 523
931 444
78 948
239 279
74 104
339 650
620 819
327 191
864 214
73 581
623 391
449 59
163 519
605 916
878 71
185 906
633 460
811 412
808 299
306 896
464 258
909 18
367 190
834 22
970 538
108 508
300 353
466 657
920 186
487 540
718 615
880 21
663 60
379 897
805 756
377 952
858 829
951 464
458 870
904 941
215 433
758 957
26 164
162 872
262 410
859 38
788 301
372 812
442 884
173 482
301 114
868 854
135 672
694 902
258 980
41 295
858 956
584 666
917 703
838 133
145 466
352 789
823 637
230 203
307 758
942 829
419 869
16 546
740 929
459 667
618 914
850 971
83 46
263 375
665 62
788 270
910 184
812 279
53 286
388 168
813 604
426 368
150 300
87 882
722 676
518 733
121 249
205 144
948 753
919 155
998 234
530 436
205 246
137 115
873 538
857 640
229 334
577 855
204 42
398 991
306 169
696 630
782 152
723 818
685 689
445 731
975 965
676 210
179 258
311 728
969 328
590 986
810 494
423 176
459 532
153 632
384 314
759 783
483 434
176 591
242 747
152 305
167 849
573 334
566 598
282 416
546 609
659 814
252 410
327 696
264 730
106 514
488 837
64 584
332 401
401 697
454 221
706 131
659 305
301 384
50 738
888 990
4 472
315 1000
764 311
780 414
295 276
237 150
160 865
696 424
611 353
838 662
671 182
677 174
933 634
500 171
846 291
367 238
472 302
592 444
345 84
342 234
456 529
90 926
771 444
429 83
233 766
232 415
626 365
424 463
412 937
173 149
469 320
40 583
305 181
722 470
14 167
214 19
586 808
519 18
360 279
756 94
182 989
441 8
692 244
527 392
460 413
608 545
418 533
102 123
747 914
431 343
596 932
505 839
4 66
469 595
940 803
229 985
48 756
673 732
466 889
868 834
938 154
943 836
289 845
843 366
66 172
632 935
746 485
871 229
265 722
205 318
968 826
108 909
522 772
204 931
96 917
802 92
557 180
765 898
326 131
993 204
175 435
134 601
625 641
479 516
88 259
182 369
133 952
483 17
545 89
499 533
796 573
1000 321
195 6
438 909
229 111
273 32
839 386
772 359
363 62
722 787
856 835
790 836
600 780
449 450
83 800
933 207
131 768
981 830
421 616
315 538
52 706
685 486
161 208
169 59
578 505
