149 62
755 926
150 643
959 708
302 491
602 522
462 463
187 810
194 818
146 747
808 927
872 889
178 116
420 792
935 708
72 230
739 871
861 542
630 23
287 914
968 276
871 541
574 615
744 18
767 807
400 900
512 596
852 756
629 106
565 543
598 269
132 47
100 75
255 171
800 303
977 831
390 909
248 292
210 234
679 738
375 411
518 370
659 228
798 549
543 630
363 441
822 914
5 523
646 258
210 749
177 372
960 299
739 582
101 970
266 152
146 231
686 56
787 617
697 627
511 731
760 972
56 16
768 70
141 296
182 93
125 798
708 357
728 749
553 37
193 845
480 921
233 923
968 620
249 285
694 297
30 286
300 867
830 885
693 175
347 527
142 956
679 98
906 390
26 923
262 30
996 965
360 942
644 205
558 672
450 844
454 427
272 784
868 501
435 909
756 767
949 760
763 921
329 166
481 100
532 773
606 478
327 682
613 450
43 788
774 703
93 864
283 413
240 817
766 68
151 640
845 961
689 961
430 608
928 6
966 869
694 150
158 934
491 713
704 109
372 297
420 424
413 480
475 950
770 582
873 798
489 405
632 999
879 604
727 28
750 121
