227 463
715 941
736 807
594 458
812 654
439 595
762 864
542 335
565 641
711 129
797 182
954 370
524 990
476 0
507 903
209 320
291 26
557 959
497 541
369 940
299 582
712 927
673 81
864 117
122 84
954 488
355 547
797 36
903 331
210 903
687 141
745 475
34 242
808 776
237 867
634 614
410 162
112 536
207 522
854 145
663 408
110 134
559 928
21 781
822 403
381 431
729 497
513 680
642 684
267 550
186 552
188 865
676 189
818 891
589 736
451 409
668 753
417 230
791 570
621 649
27 378
961 386
476 467
369 363
961 981
568 791
297 472
639 919
584 111
932 865
773 945
977 864
389 7
789 170
625 112
200 538
149 985
41 702
236 321
67 983
362 605
975 285
946 400
196 956
924 678
100 748
780 621
841 259
738 944
549 374
515 97
703 526
404 172
357 92
5 513
899 560
106 457
92 264
69 916
557 184
385 758
571 554
52 989
901 473
137 541
996 182
727 200
484 657
183 82
271 31
676 513
751 841
77 213
871 444
31 448
322 581
505 879
775 887
773 205
110 524
105 129
421 185
539 829
657 74
475 773
278 570
350 735
708 492
336 456
804 40
212 949
791 491
370 962
324 230
262 704
173 668
185 598
56 367
604 345
786 223
563 574
158 46
420 570
373 310
625 484
646 590
948 405
302 995
638 437
250 281
513 211
437 445
620 26
795 73
498 471
981 799
232 498
58 528
990 391
963 549
501 910
39 621
209 485
217 613
827 363
343 116
348 896
895 756
512 579
222 983
140 61
474 635
723 227
395 97
986 902
330 274
793 232
358 756
865 234
353 841
269 852
19 878
8 80
840 534
485 253
885 791
4 307
55 932
340 569
257 739
657 641
146 37
436 234
889 949
30 483
903 496
397 92
785 891
760 874
537 783
